义乌市尔洵饰品有限公司;https://shop351u315060814.1688.com;https://detail.1688.com/offer/652441418465.html
义乌市梵伦饰品有限公司;https://anser3.1688.com;https://detail.1688.com/offer/640348666129.html
义乌市佰昌日用百货商行;https://ywbaichang.1688.com;https://detail.1688.com/offer/611561484603.html
义乌市沃土电子商务有限公司;https://ywwotu.1688.com;https://detail.1688.com/offer/607135804588.html
义乌市哈派饰品有限公司;https://shop1449680072425.1688.com;https://detail.1688.com/offer/528832405319.html
义乌千芙饰品有限公司;https://shop1404528103758.1688.com;https://detail.1688.com/offer/620747901728.html
义乌市蒲钻电子商务商行;https://shop1358592219982.1688.com;https://detail.1688.com/offer/648745704850.html
义乌市伊容饰品有限公司;https://shop1400259555368.1688.com;https://detail.1688.com/offer/642644887832.html
义乌市岑迷饰品有限公司;https://shop1375289628741.1688.com;https://detail.1688.com/offer/644454293775.html
义乌市艺真饰品有限公司;https://shop1467046971656.1688.com;https://detail.1688.com/offer/644207508076.html
义乌市双排饰品有限公司;https://ywspsp.1688.com;https://detail.1688.com/offer/573237271583.html
义乌市昆娜服饰有限公司;https://queena.1688.com;https://detail.1688.com/offer/582476916097.html
石狮市简峰亿展网络百货商行;https://shop5623251u5u2u7.1688.com;https://detail.1688.com/offer/653119015906.html
义乌市贞辰饰品有限公司;https://shop1478796532168.1688.com;https://detail.1688.com/offer/541659292203.html
广州泰洁康贸易商行;https://shop71ey303429494.1688.com;https://detail.1688.com/offer/648855769524.html
义乌市华趣电子商务有限公司;https://shop284061t172476.1688.com;https://detail.1688.com/offer/584590700910.html
义乌市麦浪电子商务有限公司;https://shop1488269626285.1688.com;https://detail.1688.com/offer/611834029221.html
深圳市龙岗区米娅饰品商行;https://miyashipin.1688.com;https://detail.1688.com/offer/541535357751.html
凤阳县官塘镇全帅商店;https://shop7xq060a223046.1688.com;https://detail.1688.com/offer/649638089380.html
苏州欣美集饰品有限公司;https://xinmeiji.1688.com;https://detail.1688.com/offer/604114523972.html
义乌市微豪饰品有限公司;https://1462722057.1688.com;https://detail.1688.com/offer/595847276114.html
深圳市龙华新区伊百分手工饰品厂;https://storyacc.1688.com;https://detail.1688.com/offer/548255290105.html
义乌双颖饰品有限公司;https://yiwusysp.1688.com;https://detail.1688.com/offer/644339901800.html
义乌市百萱电子商务商行;https://shop913341y061375.1688.com;https://detail.1688.com/offer/649983939502.html
广州哈琳娜饰品厂;https://harrina.1688.com;https://detail.1688.com/offer/650355364017.html
义乌市媖漫电子商务有限公司;https://shop799z54462dz18.1688.com;https://detail.1688.com/offer/598265059781.html
永嘉县发缘塑料加工厂;https://shop03431ym121926.1688.com;https://detail.1688.com/offer/651326232877.html
柘荣县庆全日用品经营部;https://shop9kw982k557868.1688.com;https://detail.1688.com/offer/645191564283.html
义乌市纤迪饰品厂;https://meidijewelry.1688.com;https://detail.1688.com/offer/627652370280.html
海州区岗埠农场薇薇安饰品经营部;https://shop28614c1605473.1688.com;https://detail.1688.com/offer/649795314483.html
义乌市慕优饰品有限公司;https://shop3n08v2509c535.1688.com;https://detail.1688.com/offer/646824633253.html
东莞市众兴五金饰品有限公司;https://gdzx13662719912.1688.com;https://detail.1688.com/offer/607625886164.html
义乌市妙德电子商务商行;https://shop1354900280794.1688.com;https://detail.1688.com/offer/650091646720.html
义乌鲸洋电子商务有限公司;https://shop094902t400916.1688.com;https://detail.1688.com/offer/650345064801.html
新罗区云超兴百货店;https://shop545984y69ie20.1688.com;https://detail.1688.com/offer/646152321216.html
兰山区虹之霞百货商行;https://shop791511pb37634.1688.com;https://detail.1688.com/offer/650725557407.html
南平市建阳区乾念之百货店;https://shop699pn894212n3.1688.com;https://detail.1688.com/offer/645521191930.html
连城县悦慧秀百货店;https://shop12e4473718342.1688.com;https://detail.1688.com/offer/652167518586.html
义乌市竣堰电子商务商行;https://shop4245955uk99v4.1688.com;https://detail.1688.com/offer/649332185497.html
义乌市本派电子商务有限公司;https://shop57991754u5222.1688.com;https://detail.1688.com/offer/631287671702.html
广州越秀区欣倪商贸有限公司;https://shop899d3685d3801.1688.com;https://detail.1688.com/offer/643698001178.html
义乌伊仟壹贸易商行;https://shop630u634x64533.1688.com;https://detail.1688.com/offer/653196858199.html
义乌市趣觅电子商务商行;https://shop3909712a65r74.1688.com;https://detail.1688.com/offer/651125867491.html
建德市下涯镇窝烦贸易商行;https://shop6220k6010s666.1688.com;https://detail.1688.com/offer/630029798438.html
义乌市锦颜电子商务商行;https://shop509s9634b6779.1688.com;https://detail.1688.com/offer/647778447054.html
义乌市真欣电子商务商行;https://shop509491775bd03.1688.com;https://detail.1688.com/offer/645462011492.html
义乌市欧伊茜电子商务有限公司;https://shop409y2d7010521.1688.com;https://detail.1688.com/offer/568013977928.html
舞阳县涛赤百货店;https://shop506222957s8j1.1688.com;https://detail.1688.com/offer/642214281758.html
义乌市铜鑫饰品厂;https://ttttttt.1688.com;https://detail.1688.com/offer/631914488636.html
义乌市一诚饰品有限公司;https://shop5902912038p84.1688.com;https://detail.1688.com/offer/617053182675.html
义乌市酷戴饰品有限公司;https://kudaishipin.1688.com;https://detail.1688.com/offer/557982830213.html
义乌市钰诚饰品商行;https://shop6845f69248w61.1688.com;https://detail.1688.com/offer/627892654497.html
义乌市氿乐电子商务商行;https://shop1428511784824.1688.com;https://detail.1688.com/offer/626899772368.html
义乌市尘萃饰品有限公司;https://shop1483634985683.1688.com;https://detail.1688.com/offer/613671867937.html
义乌市新娘花饰品厂;https://xinnianghua.1688.com;https://detail.1688.com/offer/576856155775.html
苏州哈文商贸有限公司;https://shop310593f2h68j6.1688.com;https://detail.1688.com/offer/613215536184.html
义乌市贶景电子商务商行;https://shop8307899835mb7.1688.com;https://detail.1688.com/offer/651909148277.html
义乌市兴为饰品厂;https://shop8n1h547101358.1688.com;https://detail.1688.com/offer/607100998723.html
义乌市或美工艺品厂;https://ywdlsp.1688.com;https://detail.1688.com/offer/644930912718.html
义乌市李维军饰品商行;https://liweijun.1688.com;https://detail.1688.com/offer/536902632291.html
义乌市宇蝶饰品有限公司;https://shop1478882675120.1688.com;https://detail.1688.com/offer/631098163519.html
河南布菲新娘饰品有限公司;https://shop091374746u468.1688.com;https://detail.1688.com/offer/638468793558.html
义乌市欢欣饰品有限公司;https://1688happy.1688.com;https://detail.1688.com/offer/539336731267.html
义乌市晶本贸易有限公司;https://shop1482585286533.1688.com;https://detail.1688.com/offer/641592345921.html
义乌市宝钰饰品有限公司;https://baoyushipin.1688.com;https://detail.1688.com/offer/616177207236.html
义乌市又又进出口有限公司;https://shop1445964950948.1688.com;https://detail.1688.com/offer/580858549461.html
义乌市铂虹贸易有限公司;https://shop67148i5m54519.1688.com;https://detail.1688.com/offer/632374622578.html
东莞市尚嘉五金饰品有限公司;https://dglihaiyong.1688.com;https://detail.1688.com/offer/591832827313.html
义乌市昶达电子商务商行;https://shop3177680815vj6.1688.com;https://detail.1688.com/offer/625726444265.html
义乌市丰美饰品厂;https://fengmeishipin.1688.com;https://detail.1688.com/offer/615479656573.html
义乌市奇阅饰品有限公司;https://qiyueshipin.1688.com;https://detail.1688.com/offer/551605630931.html
义乌市和鸣饰品有限公司;https://shop36mm85665l864.1688.com;https://detail.1688.com/offer/642121433908.html
义乌市茶英饰品厂;https://shop774977w605533.1688.com;https://detail.1688.com/offer/644124732338.html
东阳市蔓哲饰品有限公司;https://shop84172w7797549.1688.com;https://detail.1688.com/offer/599088649168.html
广州典品五金制造厂;https://dp6688.1688.com;https://detail.1688.com/offer/633771029691.html
义乌梵美基服饰有限公司;https://shop9e8h834664066.1688.com;https://detail.1688.com/offer/652311840528.html
义乌市宣颖电子商务有限公司;https://shop90606028po4a4.1688.com;https://detail.1688.com/offer/649314132089.html
义乌市森噫电子商务商行;https://shop913256b258783.1688.com;https://detail.1688.com/offer/653253108456.html
义乌市咖亿饰品有限公司;https://kysp68.1688.com;https://detail.1688.com/offer/613426042738.html
义乌市辽月饰品厂;https://shop1418057229927.1688.com;https://detail.1688.com/offer/599283350045.html
义乌云罗电子商务有限公司;https://yunluo1.1688.com;https://detail.1688.com/offer/590171294650.html
义乌市仙友电子商务有限公司;https://shop4l152e15593h9.1688.com;https://detail.1688.com/offer/649718124728.html
新罗区阙夕芸百货商行;https://shop40o21o450j762.1688.com;https://detail.1688.com/offer/640406169680.html
义乌市博华饰品有限公司;https://shop1447347156049.1688.com;https://detail.1688.com/offer/554940708093.html
义乌市朗晨饰品有限公司;https://shop476v663a29455.1688.com;https://detail.1688.com/offer/625550739451.html
兰山区暨诺商贸商行;https://shop596b2p0679036.1688.com;https://detail.1688.com/offer/650900349349.html
义乌市轩蔻饰品有限公司;https://wq9518.1688.com;https://detail.1688.com/offer/601872679990.html
义乌市银尚饰品有限公司;https://hfb2010.1688.com;https://detail.1688.com/offer/525667408943.html
义乌市萱派饰品有限公司;https://shipinalibaba.1688.com;https://detail.1688.com/offer/608366964082.html
义乌市桂芷电子商务商行;https://shopguizhi.1688.com;https://detail.1688.com/offer/641946379363.html
义乌市良本电子商务商行;https://shop1441817466886.1688.com;https://detail.1688.com/offer/571119296380.html
河南优拉国际贸易有限公司;https://shop3vm038o404309.1688.com;https://detail.1688.com/offer/628182390971.html
邵阳市明玉饰品有限责任公司;https://52052088.1688.com;https://detail.1688.com/offer/647542018440.html
义乌市涵秀饰品厂;https://shop1289850a42990.1688.com;https://detail.1688.com/offer/615845512401.html
义乌市博悦电子商务有限公司;https://shop521188405x890.1688.com;https://detail.1688.com/offer/615423520630.html
义乌市辉赫饰品有限公司;https://shop7787909gr10v6.1688.com;https://detail.1688.com/offer/615986510876.html
义乌市顷梦电子商务有限公司;https://shop5861538va6c52.1688.com;https://detail.1688.com/offer/655604255937.html
义乌市维哆饰品有限公司;https://ywweiduo.1688.com;https://detail.1688.com/offer/654449112814.html
义乌赢新进出口有限公司;https://shop2867850ye4753.1688.com;https://detail.1688.com/offer/599921266255.html
义乌市妙姿饰品有限公司;https://shop1482771688951.1688.com;https://detail.1688.com/offer/575878447247.html
义乌市辉耀饰品有限公司;https://shop7zdy956760942.1688.com;https://detail.1688.com/offer/640541525488.html
深圳市宝安区辉博新贸易商行;https://shop7461x50l94189.1688.com;https://detail.1688.com/offer/642407330338.html
义乌市美莓饰品有限公司;https://beautberry.1688.com;https://detail.1688.com/offer/587740761126.html
义乌市霏展电子商务商行;https://shop1450198579898.1688.com;https://detail.1688.com/offer/636361415945.html
金华市亚妮饰品有限公司;https://yanisp1688.1688.com;https://detail.1688.com/offer/520288921855.html
义乌市桥恒饰品有限公司;https://zjepin.1688.com;https://detail.1688.com/offer/628095548662.html
义乌市灵彤电子商务有限公司;https://shop1490634719476.1688.com;https://detail.1688.com/offer/575866107353.html
义乌市聚彩饰品有限公司;https://jucaishipin.1688.com;https://detail.1688.com/offer/616950385097.html
义乌市镱森贸易有限公司;https://shop174187731h887.1688.com;https://detail.1688.com/offer/647142357980.html
义乌市众玥电子商务商行;https://shop9786167481os9.1688.com;https://detail.1688.com/offer/641172778660.html
城阳区糖果果工艺品商行;https://tangguoguoshop.1688.com;https://detail.1688.com/offer/617213398337.html
深圳市龙岗区坂田佳琪饰品厂;https://jqshipin.1688.com;https://detail.1688.com/offer/628385950083.html
汉川市尚品贸易商行;https://zory1688.1688.com;https://detail.1688.com/offer/647098611278.html
义乌市蝶蝶电子商务有限公司;https://diediepsd.1688.com;https://detail.1688.com/offer/645984468814.html
义乌市烁菲电子商务商行;https://shop1400691437199.1688.com;https://detail.1688.com/offer/628669723073.html
义乌市众帮饰品有限公司;https://romance.1688.com;https://detail.1688.com/offer/587532910022.html
诸暨市露婷工艺品厂;https://shop6z4376v1537d6.1688.com;https://detail.1688.com/offer/615984844334.html
义乌市或美工艺品厂;https://ywdlsp.1688.com;https://detail.1688.com/offer/644930912718.html
义乌市宝钰饰品有限公司;https://baoyushipin.1688.com;https://detail.1688.com/offer/624544552164.html
义乌市慈钛贸易有限公司;https://shop1456764769191.1688.com;https://detail.1688.com/offer/619399497131.html
海州区岗埠农场薇薇安饰品经营部;https://shop28614c1605473.1688.com;https://detail.1688.com/offer/615036108355.html
义乌市朗珀饰品有限公司;https://langposp.1688.com;https://detail.1688.com/offer/616004117303.html
义乌市可姿电子商务有限公司;https://shop20392v8v933n3.1688.com;https://detail.1688.com/offer/624284852137.html
义乌市麦浪电子商务有限公司;https://shop1488269626285.1688.com;https://detail.1688.com/offer/555845746851.html
即墨市美饰家家商行;https://shop1443459323612.1688.com;https://detail.1688.com/offer/654156779817.html
义乌市奕冉饰品有限公司;https://yiranyw.1688.com;https://detail.1688.com/offer/619370116095.html
义乌市曼茵饰品有限公司;https://shop1490116275933.1688.com;https://detail.1688.com/offer/631372988009.html
义乌市若娜饰品有限公司;https://ruona18.1688.com;https://detail.1688.com/offer/632268749269.html
义乌市念灿饰品有限公司;https://shop1467824892842.1688.com;https://detail.1688.com/offer/573034663294.html
义乌市纤迪饰品厂;https://meidijewelry.1688.com;https://detail.1688.com/offer/628762962359.html
汕头市潮南区陈店绿池贸易商行;https://shop1f3hf25012458.1688.com;https://detail.1688.com/offer/654226096940.html
义乌市欢欣饰品有限公司;https://1688happy.1688.com;https://detail.1688.com/offer/567921813432.html
城阳区一饰非凡工艺品加工部;https://yishifeifan.1688.com;https://detail.1688.com/offer/617137258428.html
义乌市和鸣饰品有限公司;https://shop36mm85665l864.1688.com;https://detail.1688.com/offer/642121433908.html
义乌梵美基服饰有限公司;https://shop9e8h834664066.1688.com;https://detail.1688.com/offer/630279527583.html
义乌市柏龙饰品有限公司;https://shop2519h8g3226m0.1688.com;https://detail.1688.com/offer/655791331783.html
义乌市萱艳饰品商行;https://shop1466960534019.1688.com;https://detail.1688.com/offer/633491324530.html
义乌市莉姿饰品厂;https://shop0032s55ch4154.1688.com;https://detail.1688.com/offer/631739136970.html
义乌市妙铭贸易有限公司;https://miaomingmaoyi.1688.com;https://detail.1688.com/offer/620909994992.html
义乌市奕合贸易有限公司;https://shop07312zu810057.1688.com;https://detail.1688.com/offer/620584793579.html
永定区仰楚牡百货商行;https://shop7815x68771184.1688.com;https://detail.1688.com/offer/644345803518.html
义乌市久亚工艺品有限公司;https://shop0t39962661773.1688.com;https://detail.1688.com/offer/618937125103.html
义乌市加祺饰品商行;https://shop642317ns70745.1688.com;https://detail.1688.com/offer/623341200872.html
义乌市聚嘉饰品有限公司;https://jujiajewelry.1688.com;https://detail.1688.com/offer/632631792451.html
义乌市本派电子商务有限公司;https://shop57991754u5222.1688.com;https://detail.1688.com/offer/629816461034.html
青岛孙孟工艺品有限公司;https://sunmeng.1688.com;https://detail.1688.com/offer/654772175233.html
义乌市朵涵饰品有限公司;https://shop1466702139500.1688.com;https://detail.1688.com/offer/607872868812.html
义乌市心韵饰品有限公司;https://yiwuxinyun.1688.com;https://detail.1688.com/offer/589402531613.html
义乌市佰昌日用百货商行;https://ywbaichang.1688.com;https://detail.1688.com/offer/611561484603.html
义乌市哈派饰品有限公司;https://shop1449680072425.1688.com;https://detail.1688.com/offer/528832405319.html
义乌市靓颖饰品商行;https://shop8864397358036.1688.com;https://detail.1688.com/offer/650231137070.html
义乌市侑嘉饰品有限公司;https://shop4615512525597.1688.com;https://detail.1688.com/offer/633136698236.html
义乌市睿得饰品有限公司;https://shop5a7878429om50.1688.com;https://detail.1688.com/offer/654939259664.html
义乌靓亿点饰品有限公司;https://shop19a38s8n60522.1688.com;https://detail.1688.com/offer/629082714542.html
义乌市贞辰饰品有限公司;https://shop1478796532168.1688.com;https://detail.1688.com/offer/541659292203.html
义乌市卡奇洛饰品有限公司;https://shop9u555u5625586.1688.com;https://detail.1688.com/offer/632648745806.html
义乌市希悦饰品有限公司;https://shop4r1r16r277017.1688.com;https://detail.1688.com/offer/631918763645.html
蜜诗杨(金华市)贸易有限公司;https://shop2149e91567sj5.1688.com;https://detail.1688.com/offer/639980803265.html
义乌市婷洋饰品有限公司;https://tingyanshipin.1688.com;https://detail.1688.com/offer/623443386154.html
义乌市丰美饰品厂;https://fengmeishipin.1688.com;https://detail.1688.com/offer/626241130555.html
义乌市雅饰达贸易有限公司;https://shop9v4b569880371.1688.com;https://detail.1688.com/offer/642421868766.html
义乌宝特饰品有限公司;https://683280.1688.com;https://detail.1688.com/offer/641099083687.html
义乌市镱森贸易有限公司;https://shop174187731h887.1688.com;https://detail.1688.com/offer/647142357980.html
深圳市光明区潮饰优品首饰厂;https://9881688.1688.com;https://detail.1688.com/offer/648212277946.html
义乌市欧伊茜电子商务有限公司;https://shop409y2d7010521.1688.com;https://detail.1688.com/offer/589049736710.html
义乌念静饰品有限公司;https://shop1483430572966.1688.com;https://detail.1688.com/offer/632626087885.html
兰山区暨诺商贸商行;https://shop596b2p0679036.1688.com;https://detail.1688.com/offer/650900349349.html
义乌市丽萍饰品有限公司;https://shop039292502t6q7.1688.com;https://detail.1688.com/offer/631288692055.html
义乌市雪柔饰品有限公司;https://jane727.1688.com;https://detail.1688.com/offer/644452866458.html
义乌市丞文饰品有限公司;https://shop5u6784o528v54.1688.com;https://detail.1688.com/offer/598148091525.html
义乌市乐芸饰品厂;https://leyunshipin.1688.com;https://detail.1688.com/offer/649410326253.html
新罗区阙夕芸百货商行;https://shop40o21o450j762.1688.com;https://detail.1688.com/offer/640406169680.html
义乌市新娘花饰品厂;https://xinnianghua.1688.com;https://detail.1688.com/offer/583847770632.html
义乌市周一饰品有限公司;https://shop282090648q3h3.1688.com;https://detail.1688.com/offer/619852997446.html
义乌市辉赫饰品有限公司;https://shop7787909gr10v6.1688.com;https://detail.1688.com/offer/646650864136.html
义乌市李维军饰品商行;https://liweijun.1688.com;https://detail.1688.com/offer/536753163619.html
义乌市又又进出口有限公司;https://shop1445964950948.1688.com;https://detail.1688.com/offer/574340760450.html
义乌市安儒电子商务有限公司;https://shop8542488d693d8.1688.com;https://detail.1688.com/offer/641261216225.html
义乌市宇斯派电子商务有限公司;https://xingx200910.1688.com;https://detail.1688.com/offer/44618357154.html
义乌市鸿业饰品有限公司;https://shop1267ky21r0863.1688.com;https://detail.1688.com/offer/632058356800.html
义乌市侣雕电子商务商行;https://shop1433869393560.1688.com;https://detail.1688.com/offer/524819894532.html
义乌市春夏饰品厂;https://shop01481x9i781i6.1688.com;https://detail.1688.com/offer/620347764548.html
义乌市侣派商贸有限公司;https://shop1430239878212.1688.com;https://detail.1688.com/offer/524829447247.html
义乌市茶英饰品厂;https://shop774977w605533.1688.com;https://detail.1688.com/offer/644124732338.html
义乌市凯庆饰品厂;https://yiwukaiqing.1688.com;https://detail.1688.com/offer/598402101827.html
义乌市权沐饰品厂;https://shop1417798114203.1688.com;https://detail.1688.com/offer/608648370596.html
义乌市亿若饰品有限公司;https://shop89y9699088mb4.1688.com;https://detail.1688.com/offer/617385324064.html
义乌市美泰进出口有限公司;https://bridaljewelry.1688.com;https://detail.1688.com/offer/597896114575.html
义乌市俊毅饰品厂;https://shop16446524h2662.1688.com;https://detail.1688.com/offer/553280527273.html
义乌市忆岛饰品厂;https://shop271534j9n3598.1688.com;https://detail.1688.com/offer/650770513482.html
凤阳县官塘镇全帅商店;https://shop7xq060a223046.1688.com;https://detail.1688.com/offer/649638089380.html
义乌市凡友电子商务有限公司;https://shop1395680160892.1688.com;https://detail.1688.com/offer/628350926854.html
义乌市翱翔网络科技有限公司;https://shop3111o7832j397.1688.com;https://detail.1688.com/offer/585679697245.html
崂山区梅丽莎饰品批发中心;https://qdmelissa.1688.com;https://detail.1688.com/offer/557221520583.html
义乌市兴为饰品厂;https://shop8n1h547101358.1688.com;https://detail.1688.com/offer/595883479953.html
义乌市非梦饰品有限公司;https://shop480257923r5j3.1688.com;https://detail.1688.com/offer/624158320918.html
义乌市精巧饰品厂;https://shop0a2e620173w17.1688.com;https://detail.1688.com/offer/654770030041.html
义乌市竹马饰品厂;https://zhumashipin.1688.com;https://detail.1688.com/offer/655902451255.html
义乌市腾层电子商务有限公司;https://tengceng.1688.com;https://detail.1688.com/offer/654310329965.html
义乌市曲欢饰品商行;https://shop1490375126459.1688.com;https://detail.1688.com/offer/627119409819.html
义乌市铜鑫饰品厂;https://ttttttt.1688.com;https://detail.1688.com/offer/599599503358.html
义乌市创爵电子商务有限公司;https://chuangjue13.1688.com;https://detail.1688.com/offer/626468390886.html
义乌市洽熙饰品有限公司;https://shop1489683941751.1688.com;https://detail.1688.com/offer/645682249821.html
义乌市昆娜服饰有限公司;https://queena.1688.com;https://detail.1688.com/offer/582476916097.html
苏州欣美集饰品有限公司;https://xinmeiji.1688.com;https://detail.1688.com/offer/578650827321.html
城阳区乔门工艺品加工厂;https://shop51wi96944q515.1688.com;https://detail.1688.com/offer/636832792592.html
义乌市妙雅饰品有限公司;https://shop6239730h56062.1688.com;https://detail.1688.com/offer/641425109317.html
义乌市团铭电子商务有限公司;https://shop1393347193811.1688.com;https://detail.1688.com/offer/619495023144.html
鄱阳县肇施珠宝店;https://shop44u7018356955.1688.com;https://detail.1688.com/offer/655468526352.html
义乌市氿乐电子商务商行;https://shop1428511784824.1688.com;https://detail.1688.com/offer/631755006538.html
义乌市轩蔻饰品有限公司;https://wq9518.1688.com;https://detail.1688.com/offer/557179254189.html
新罗区谦湾涛百货店;https://shop7285eg8413963.1688.com;https://detail.1688.com/offer/635894281645.html
七星关区卉紫服饰经营部;https://shop4k586d88o2002.1688.com;https://detail.1688.com/offer/608691630544.html
陆川县惠霖日用品店;https://shop78046017l7051.1688.com;https://detail.1688.com/offer/651996917920.html
义乌市岚麓电子商务商行;https://shop207ff103909f3.1688.com;https://detail.1688.com/offer/640855452050.html
义乌市华趣电子商务有限公司;https://shop284061t172476.1688.com;https://detail.1688.com/offer/628240426701.html
义乌市樱淇电子商务有限公司;https://shop8386j9uj60543.1688.com;https://detail.1688.com/offer/641559271465.html
卢伟;https://shop1372907503006.1688.com;https://detail.1688.com/offer/654578495838.html
义乌市尔洵饰品有限公司;https://shop351u315060814.1688.com;https://detail.1688.com/offer/652441418465.html
义乌市简质饰品有限公司;https://chaochangjewelry.1688.com;https://detail.1688.com/offer/651975062251.html
义乌市梵伦饰品有限公司;https://anser3.1688.com;https://detail.1688.com/offer/640348666129.html
义乌市沃土电子商务有限公司;https://ywwotu.1688.com;https://detail.1688.com/offer/607135804588.html
义乌市岑迷饰品有限公司;https://shop1375289628741.1688.com;https://detail.1688.com/offer/644454293775.html
义乌市伊容饰品有限公司;https://shop1400259555368.1688.com;https://detail.1688.com/offer/642644887832.html
义乌市艺真饰品有限公司;https://shop1467046971656.1688.com;https://detail.1688.com/offer/644207508076.html
河南优拉国际贸易有限公司;https://shop3vm038o404309.1688.com;https://detail.1688.com/offer/628182390971.html
石狮市简峰亿展网络百货商行;https://shop5623251u5u2u7.1688.com;https://detail.1688.com/offer/653119015906.html
邵阳市明玉饰品有限责任公司;https://52052088.1688.com;https://detail.1688.com/offer/647542018440.html
广州泰洁康贸易商行;https://shop71ey303429494.1688.com;https://detail.1688.com/offer/648855769524.html
义乌市华趣电子商务有限公司;https://shop284061t172476.1688.com;https://detail.1688.com/offer/584590700910.html
上海秉乐饰品有限公司;https://shop1474270730622.1688.com;https://detail.1688.com/offer/653335878593.html
深圳市龙岗区米娅饰品商行;https://miyashipin.1688.com;https://detail.1688.com/offer/541535357751.html
凤阳县官塘镇全帅商店;https://shop7xq060a223046.1688.com;https://detail.1688.com/offer/649638089380.html
深圳市龙华新区伊百分手工饰品厂;https://storyacc.1688.com;https://detail.1688.com/offer/548255290105.html
义乌市趣觅电子商务商行;https://shop3909712a65r74.1688.com;https://detail.1688.com/offer/651125867491.html
义乌市锦颜电子商务商行;https://shop509s9634b6779.1688.com;https://detail.1688.com/offer/647778447054.html
义乌市真欣电子商务商行;https://shop509491775bd03.1688.com;https://detail.1688.com/offer/645462011492.html
义乌市微豪饰品有限公司;https://1462722057.1688.com;https://detail.1688.com/offer/595847276114.html
义乌市楚玉饰品厂;https://chuyushipin.1688.com;https://detail.1688.com/offer/646044476338.html
义乌市崩崩猴工艺品有限公司;https://shop9ef81047z8180.1688.com;https://detail.1688.com/offer/647155819295.html
广州市天河区棠下连连旺贸易商行;https://lianlianw.1688.com;https://detail.1688.com/offer/643924830791.html
景宁利隆电子商务有限公司;https://88888899999.1688.com;https://detail.1688.com/offer/643464709157.html
义乌千芙饰品有限公司;https://shop1404528103758.1688.com;https://detail.1688.com/offer/649814743518.html
义乌市一诚饰品有限公司;https://shop5902912038p84.1688.com;https://detail.1688.com/offer/560066912508.html
义乌市氿乐电子商务商行;https://shop1428511784824.1688.com;https://detail.1688.com/offer/631755006538.html
广州哈琳娜饰品厂;https://harrina.1688.com;https://detail.1688.com/offer/650355364017.html
深圳市龙岗区坂田佳琪饰品厂;https://jqshipin.1688.com;https://detail.1688.com/offer/628385950083.html
义乌市佰昌日用百货商行;https://ywbaichang.1688.com;https://detail.1688.com/offer/611561484603.html
东阳市聚鑫饰品有限公司;https://shop898aa93r53405.1688.com;https://detail.1688.com/offer/618649433256.html
义乌市奥莎饰品商行;https://sppfc.1688.com;https://detail.1688.com/offer/626378005580.html
义乌市哈派饰品有限公司;https://shop1449680072425.1688.com;https://detail.1688.com/offer/528832405319.html
义乌市双排饰品有限公司;https://ywspsp.1688.com;https://detail.1688.com/offer/573237271583.html
义乌市祥源饰品有限公司;https://shop39m4498202091.1688.com;https://detail.1688.com/offer/617067192694.html
义乌市贞辰饰品有限公司;https://shop1478796532168.1688.com;https://detail.1688.com/offer/541659292203.html
深圳市龙华区优饰饰品商行;https://shop1433264057289.1688.com;https://detail.1688.com/offer/596759211582.html
南宁奇艺风商贸有限公司;https://diy8088.1688.com;https://detail.1688.com/offer/606732786735.html
深圳市晓鸿装饰设计有限公司;https://shop5d041v9494341.1688.com;https://detail.1688.com/offer/634918557923.html
柘荣县庆全日用品经营部;https://shop9kw982k557868.1688.com;https://detail.1688.com/offer/645191564283.html
广州越秀区欣倪商贸有限公司;https://shop899d3685d3801.1688.com;https://detail.1688.com/offer/643698001178.html
新罗区云超兴百货店;https://shop545984y69ie20.1688.com;https://detail.1688.com/offer/646152321216.html
兰山区虹之霞百货商行;https://shop791511pb37634.1688.com;https://detail.1688.com/offer/650725557407.html
南平市建阳区乾念之百货店;https://shop699pn894212n3.1688.com;https://detail.1688.com/offer/645521191930.html
连城县悦慧秀百货店;https://shop12e4473718342.1688.com;https://detail.1688.com/offer/652167518586.html
义乌市竣堰电子商务商行;https://shop4245955uk99v4.1688.com;https://detail.1688.com/offer/649332185497.html
义乌市轩蔻饰品有限公司;https://wq9518.1688.com;https://detail.1688.com/offer/590831099432.html
义乌市葵翔饰品厂;https://kuixiangjewelry.1688.com;https://detail.1688.com/offer/571223139529.html
义乌双颖饰品有限公司;https://yiwusysp.1688.com;https://detail.1688.com/offer/644339901800.html
义乌伊仟壹贸易商行;https://shop630u634x64533.1688.com;https://detail.1688.com/offer/653196858199.html
海州区岗埠农场薇薇安饰品经营部;https://shop28614c1605473.1688.com;https://detail.1688.com/offer/649795314483.html
义乌市嘉静饰品有限公司;https://shop1493743769164.1688.com;https://detail.1688.com/offer/631280339183.html
河南布菲新娘饰品有限公司;https://shop091374746u468.1688.com;https://detail.1688.com/offer/638468793558.html
义乌市麦浪电子商务有限公司;https://shop1488269626285.1688.com;https://detail.1688.com/offer/613433888070.html
义乌市欢欣饰品有限公司;https://1688happy.1688.com;https://detail.1688.com/offer/539336731267.html
义乌市迪倩饰品有限公司;https://ywdiqian.1688.com;https://detail.1688.com/offer/540298613088.html
义乌市铂虹贸易有限公司;https://shop67148i5m54519.1688.com;https://detail.1688.com/offer/632374622578.html
义乌市优妮工艺品有限公司;https://shop81914657z10z4.1688.com;https://detail.1688.com/offer/646119558461.html
青岛蒂梵克饰品有限公司;https://difankeshipin.1688.com;https://detail.1688.com/offer/644207535905.html
伊泰莲娜首饰精品(中山)有限公司;https://ljsppf.1688.com;https://detail.1688.com/offer/630275500332.html
义乌市蓝豆饰品有限公司;https://yebeijewelry.1688.com;https://detail.1688.com/offer/567389496026.html
义乌市辰钰饰品配件有限公司;https://shop8944210vr0300.1688.com;https://detail.1688.com/offer/623914069762.html
义乌市桥恒饰品有限公司;https://zjepin.1688.com;https://detail.1688.com/offer/628095548662.html
苏州欣美集饰品有限公司;https://xinmeiji.1688.com;https://detail.1688.com/offer/609385660156.html
苏州哈文商贸有限公司;https://shop310593f2h68j6.1688.com;https://detail.1688.com/offer/613215536184.html
潮州市湘桥区骏利婚纱厂;https://czjunlifashion.1688.com;https://detail.1688.com/offer/586989864510.html
义乌市新娘花饰品厂;https://xinnianghua.1688.com;https://detail.1688.com/offer/575670920086.html
广州洋纳辰贸易商行;https://shop774707c361759.1688.com;https://detail.1688.com/offer/654886535106.html
义乌市本派电子商务有限公司;https://shop57991754u5222.1688.com;https://detail.1688.com/offer/631287671702.html
义乌市雪柔饰品有限公司;https://jane727.1688.com;https://detail.1688.com/offer/584669647842.html
广州双鑫远商贸商行;https://shop0091w543z52q6.1688.com;https://detail.1688.com/offer/647533995969.html
义乌市酷戴饰品有限公司;https://kudaishipin.1688.com;https://detail.1688.com/offer/557982830213.html
义乌市微溪电子商务有限公司;https://shop2t9q03564s530.1688.com;https://detail.1688.com/offer/617657690617.html
建德市下涯镇窝烦贸易商行;https://shop6220k6010s666.1688.com;https://detail.1688.com/offer/630029798438.html
义乌市博华饰品有限公司;https://shop1447347156049.1688.com;https://detail.1688.com/offer/554940708093.html
义乌市团铭电子商务有限公司;https://shop1393347193811.1688.com;https://detail.1688.com/offer/583089162283.html
义乌市邦群饰品有限公司;https://shop9407017586h22.1688.com;https://detail.1688.com/offer/593233957320.html
义乌市纤迪饰品厂;https://meidijewelry.1688.com;https://detail.1688.com/offer/627652370280.html
义乌市东荣饰品有限公司;https://allencoco.1688.com;https://detail.1688.com/offer/624880718136.html
义乌市仙友电子商务有限公司;https://shop4l152e15593h9.1688.com;https://detail.1688.com/offer/649718124728.html
广州华贵合贸易有限公司;https://shop607i440e04c49.1688.com;https://detail.1688.com/offer/648941164107.html
义乌市银尚饰品有限公司;https://hfb2010.1688.com;https://detail.1688.com/offer/525667408943.html
义乌市温宜饰品有限公司;https://venyjewelry.1688.com;https://detail.1688.com/offer/588058722597.html
东莞市尚嘉五金饰品有限公司;https://dglihaiyong.1688.com;https://detail.1688.com/offer/591832827313.html
义乌市凯尔饰品有限公司;https://shop2527d55820e55.1688.com;https://detail.1688.com/offer/645234383751.html
义乌鲸洋电子商务有限公司;https://shop094902t400916.1688.com;https://detail.1688.com/offer/650345064801.html
即墨区慧美珂工艺品加工部;https://katespadenewyork.1688.com;https://detail.1688.com/offer/637233767973.html
义乌市芃宝电子商务商行;https://shop110a7965s09a8.1688.com;https://detail.1688.com/offer/617073747898.html
深圳市宝安区辉博新贸易商行;https://shop7461x50l94189.1688.com;https://detail.1688.com/offer/642407330338.html
广州典品五金制造厂;https://dp6688.1688.com;https://detail.1688.com/offer/633771029691.html
义乌市妙姿饰品有限公司;https://shop1482771688951.1688.com;https://detail.1688.com/offer/651498929330.html
义乌云罗电子商务有限公司;https://yunluo1.1688.com;https://detail.1688.com/offer/590171294650.html
义乌市辉耀饰品有限公司;https://shop7zdy956760942.1688.com;https://detail.1688.com/offer/640541525488.html
永嘉县发缘塑料加工厂;https://shop03431ym121926.1688.com;https://detail.1688.com/offer/651326232877.html
柳城县大埔镇馨意饰品商行;https://shop1444841575285.1688.com;https://detail.1688.com/offer/614382225039.html
义乌市聚彩饰品有限公司;https://jucaishipin.1688.com;https://detail.1688.com/offer/616950385097.html
泉州洛洋首饰有限公司;https://roalin.1688.com;https://detail.1688.com/offer/620896081303.html
广州维佳电子商务有限公司;https://shop1uu76u9719203.1688.com;https://detail.1688.com/offer/634077225017.html
浦江梵楚希贸易有限公司;https://fcxsppj.1688.com;https://detail.1688.com/offer/635062020837.html
义乌市澜献日用百货商行;https://shop9uri669241036.1688.com;https://detail.1688.com/offer/654046403818.html
义乌市朗晨饰品有限公司;https://shop476v663a29455.1688.com;https://detail.1688.com/offer/625550739451.html
东莞市众兴五金饰品有限公司;https://gdzx13662719912.1688.com;https://detail.1688.com/offer/631555139211.html
义乌市乾醺醺饰品商行;https://shop67t3m95914398.1688.com;https://detail.1688.com/offer/581650958048.html
义乌市殿浪电子商务商行;https://dianlangshipin.1688.com;https://detail.1688.com/offer/643238962976.html
义乌市越利电子商务有限公司;https://chinakuniu.1688.com;https://detail.1688.com/offer/544404120659.html
义乌市芃宝电子商务商行;https://shop110a7965s09a8.1688.com;https://detail.1688.com/offer/619396983923.html
义乌市欢欣饰品有限公司;https://1688happy.1688.com;https://detail.1688.com/offer/539336731267.html
青岛美娅珠宝有限公司;https://shop57l63102651w3.1688.com;https://detail.1688.com/offer/592600071682.html
义乌市戴拉饰品有限公司;https://pinpaigs.1688.com;https://detail.1688.com/offer/626733769771.html
海丰县优卓首饰有限公司;https://shop1491412132138.1688.com;https://detail.1688.com/offer/642277758497.html
海丰县大维亚珠宝首饰商行;https://shop1389545535450.1688.com;https://detail.1688.com/offer/643300954476.html
义乌市安语服饰有限公司;https://shop4377kc9538436.1688.com;https://detail.1688.com/offer/643188644237.html
中山市爱洛奇珠宝饰品有限公司;https://arochsilver.1688.com;https://detail.1688.com/offer/635467472735.html
义乌市伊语电子商务商行;https://shop43343260f0280.1688.com;https://detail.1688.com/offer/652723107011.html
广州展越网络科技有限公司;https://shop3000fr6920s63.1688.com;https://detail.1688.com/offer/648924358704.html
义乌市华趣电子商务有限公司;https://shop284061t172476.1688.com;https://detail.1688.com/offer/584590700910.html
深圳市龙华区优饰饰品商行;https://shop1433264057289.1688.com;https://detail.1688.com/offer/596759211582.html
凤阳县官塘镇全帅商店;https://shop7xq060a223046.1688.com;https://detail.1688.com/offer/649638089380.html
广州博士珠宝厂;https://shop9142r967r81v7.1688.com;https://detail.1688.com/offer/655204509522.html
义乌市惜郁电子商务有限公司;https://shop1429289450420.1688.com;https://detail.1688.com/offer/618004378810.html
义乌市美婷电子商务有限公司;https://shop01163w502f7n5.1688.com;https://detail.1688.com/offer/617373462376.html
义乌市楚刚电子商务商行;https://shop1404492987036.1688.com;https://detail.1688.com/offer/583401195776.html
义乌市一诚饰品有限公司;https://shop5902912038p84.1688.com;https://detail.1688.com/offer/560066912508.html
诸暨市荣兴珠宝有限公司;https://rongxingzhubao.1688.com;https://detail.1688.com/offer/646735249543.html
义乌市璐雅饰品有限公司;https://shop2315009s76sz0.1688.com;https://detail.1688.com/offer/640221607083.html
深圳市福田区夏柔首饰配件商行;https://shop1388163520080.1688.com;https://detail.1688.com/offer/596731307002.html
义乌市乔特饰品厂;https://qiaoteshipin.1688.com;https://detail.1688.com/offer/45080520124.html
深圳市宝安区牵牵饰品商行;https://shop1417002680579.1688.com;https://detail.1688.com/offer/596691739044.html
义乌市简蓝饰品有限公司;https://shop5032408pw9040.1688.com;https://detail.1688.com/offer/649280029946.html
义乌市鸿业饰品有限公司;https://hyhmsp.1688.com;https://detail.1688.com/offer/583628134519.html
义乌市春夏饰品厂;https://shop01481x9i781i6.1688.com;https://detail.1688.com/offer/621540077029.html
沈阳市葭琂网络科技有限责任公司;https://jiayanshipin.1688.com;https://detail.1688.com/offer/637892855144.html
义乌市含欣电子商务有限公司;https://shop06r72259l6689.1688.com;https://detail.1688.com/offer/618323569763.html
东莞市晨辉五金有限公司;https://maple2000.1688.com;https://detail.1688.com/offer/602931611117.html
义乌市申珂饰品商行;https://shop3971070606n27.1688.com;https://detail.1688.com/offer/624681201093.html
青白江梦里秋百货店;https://shop0933107ha8045.1688.com;https://detail.1688.com/offer/647215790113.html
广州市天河区棠下连连旺贸易商行;https://lianlianw.1688.com;https://detail.1688.com/offer/643924830791.html
景宁利隆电子商务有限公司;https://88888899999.1688.com;https://detail.1688.com/offer/643464709157.html
广州市银缘首饰有限公司;https://yinyuanmei.1688.com;https://detail.1688.com/offer/623190612273.html
义乌市乘丰饰品配件有限公司;https://shop350438i34c772.1688.com;https://detail.1688.com/offer/640709809359.html
义乌市舟川电子商务商行;https://zhouchuan.1688.com;https://detail.1688.com/offer/630247206363.html
义乌市唯伊饰品有限公司;https://ywswysp.1688.com;https://detail.1688.com/offer/653923102637.html
义乌市丸美饰品有限公司;https://shop4l36v097222l1.1688.com;https://detail.1688.com/offer/600455538920.html
义乌市筱幂饰品有限公司;https://shop79qy948275541.1688.com;https://detail.1688.com/offer/654377250875.html
青岛奥普元商贸有限公司;https://aopuyuanshipin.1688.com;https://detail.1688.com/offer/635472783407.html
义乌市亮瓣饰品有限公司;https://shop66640348ou814.1688.com;https://detail.1688.com/offer/567841256601.html
海丰县仪特珠宝首饰加工厂;https://shop11r5l48y10121.1688.com;https://detail.1688.com/offer/619710562958.html
义乌市诺益饰品有限公司;https://shop3627245e56043.1688.com;https://detail.1688.com/offer/644260025610.html
义乌市伊梦饰品有限公司;https://shop73iw6879905i3.1688.com;https://detail.1688.com/offer/653921105156.html
东莞市众兴五金饰品有限公司;https://gdzx13662719912.1688.com;https://detail.1688.com/offer/634161824253.html
义乌市汇琳饰品有限公司;https://shop6063284072jj6.1688.com;https://detail.1688.com/offer/652205169397.html
义乌市曲欢饰品商行;https://shop1490375126459.1688.com;https://detail.1688.com/offer/645264165195.html
东莞市茗朵饰品有限公司;https://dgmingduo.1688.com;https://detail.1688.com/offer/39651505064.html
义乌市邦群饰品有限公司;https://shop9407017586h22.1688.com;https://detail.1688.com/offer/593233957320.html
义乌市微溪电子商务有限公司;https://shop2t9q03564s530.1688.com;https://detail.1688.com/offer/617657690617.html
诸暨市亿耀珠宝商行;https://shop49u449v209466.1688.com;https://detail.1688.com/offer/652937875512.html
抚州市东乡区巧巧饰品加工厂;https://shop1384361873369.1688.com;https://detail.1688.com/offer/530505017270.html
义乌市朋克饰品有限公司;https://51punk.1688.com;https://detail.1688.com/offer/648399866017.html
海丰县梅陇福莱缘珠宝首饰厂;https://fulaiyuan.1688.com;https://detail.1688.com/offer/652318731900.html
义乌市欧伊茜电子商务有限公司;https://shop409y2d7010521.1688.com;https://detail.1688.com/offer/571030964717.html
义乌市铭雅饰品有限公司;https://shop32059z447o875.1688.com;https://detail.1688.com/offer/622338486371.html
广州姬悦成人用品厂;https://shop8j1348124hs87.1688.com;https://detail.1688.com/offer/648102386697.html
义乌市蓝冠饰品有限公司;https://languanjewelry.1688.com;https://detail.1688.com/offer/599665495993.html
义乌市希世电子商务有限公司;https://xishi001.1688.com;https://detail.1688.com/offer/599283125143.html
深圳市龙岗区坂田佳琪饰品厂;https://jqshipin.1688.com;https://detail.1688.com/offer/590771842157.html
义乌市七美饰品有限公司;https://shop46924k940r506.1688.com;https://detail.1688.com/offer/615976727712.html
义乌市妙姿饰品有限公司;https://shop1482771688951.1688.com;https://detail.1688.com/offer/651498929330.html
义乌市宇晗饰品有限公司;https://shop1402074122948.1688.com;https://detail.1688.com/offer/643669536560.html
义乌市鑫玺饰品有限公司;https://shop17621710e6454.1688.com;https://detail.1688.com/offer/635105714399.html
广州万利饰品有限公司;https://shop5727568060857.1688.com;https://detail.1688.com/offer/631825151351.html
义乌市谷可饰品厂;https://shop1450370197429.1688.com;https://detail.1688.com/offer/597825326252.html
义乌市迪倩饰品有限公司;https://ywdiqian.1688.com;https://detail.1688.com/offer/540298613088.html
青岛友宝源工艺品有限公司;https://youbaoyuan8.1688.com;https://detail.1688.com/offer/649996129700.html
义乌市敏萌饰品有限公司;https://shop12p2db7281859.1688.com;https://detail.1688.com/offer/653331790569.html
义乌市团铭电子商务有限公司;https://shop1393347193811.1688.com;https://detail.1688.com/offer/532052556612.html
广州维佳电子商务有限公司;https://shop1uu76u9719203.1688.com;https://detail.1688.com/offer/630792686456.html
义乌市蓝倩贸易有限公司;https://shop99164484g6177.1688.com;https://detail.1688.com/offer/653635982871.html
即墨区慧美珂工艺品加工部;https://katespadenewyork.1688.com;https://detail.1688.com/offer/637233767973.html
义乌市缕馨饰品厂;https://lvxinshipin.1688.com;https://detail.1688.com/offer/563051392927.html
义乌市朝雅服饰有限公司;https://zhaoyashipin.1688.com;https://detail.1688.com/offer/561359418828.html
浦江梵楚希贸易有限公司;https://fcxsppj.1688.com;https://detail.1688.com/offer/630946617551.html
义乌市通本电子商务商行;https://shop1468083508781.1688.com;https://detail.1688.com/offer/554947056518.html
深圳市龙岗区米娅饰品商行;https://miyashipin.1688.com;https://detail.1688.com/offer/541535357751.html
义乌市婷菲贸易有限公司;https://shop57u2190n92393.1688.com;https://detail.1688.com/offer/655282399224.html
义乌市京龙电子商务有限公司;https://ywjinglong.1688.com;https://detail.1688.com/offer/625227774792.html
深圳市龙华区雍程珠宝首饰厂;https://shop1466788408870.1688.com;https://detail.1688.com/offer/619444781813.html
义乌市鼎都贸易有限公司;https://707868175.1688.com;https://detail.1688.com/offer/555102355461.html
义乌市念灿饰品有限公司;https://shop1467824892842.1688.com;https://detail.1688.com/offer/548409034071.html
义乌市七栖电子商务有限公司;https://qixishop.1688.com;https://detail.1688.com/offer/635313018799.html
东莞市长安双金五金饰品厂;https://aisdaq.1688.com;https://detail.1688.com/offer/598061855767.html
于盛;https://txy85552068.1688.com;https://detail.1688.com/offer/530486558617.html
义乌市全泉饰品有限公司;https://qqshipin.1688.com;https://detail.1688.com/offer/42587117301.html
城阳区安雅妮工艺品厂;https://shop266x813q83571.1688.com;https://detail.1688.com/offer/635223018512.html
海丰县卡卡妮轻奢饰品有限公司;https://shop8819585j805o8.1688.com;https://detail.1688.com/offer/640317568151.html
义乌市比目鱼电子商务商行;https://shop33me754l469p5.1688.com;https://detail.1688.com/offer/605384964302.html
义乌市蒂容饰品有限公司;https://shop1466874445948.1688.com;https://detail.1688.com/offer/563598992028.html
浦江县顺腾水晶工艺品商行;https://shop26a708752c297.1688.com;https://detail.1688.com/offer/650310861841.html
义乌市菊军电子商务商行;https://shop1402333319776.1688.com;https://detail.1688.com/offer/613784149434.html
义乌市摩多贸易有限公司;https://moduomaoyi.1688.com;https://detail.1688.com/offer/624340027537.html
义乌市亨森饰品有限公司;https://shop1464195223954.1688.com;https://detail.1688.com/offer/641380487457.html
义乌市众兴饰品配件有限公司;https://gdzhongxing.1688.com;https://detail.1688.com/offer/642274069586.html
义乌市铭佩饰品有限公司;https://shop1415292199019.1688.com;https://detail.1688.com/offer/641616223083.html
义乌市道灿电子商务有限公司;https://shop1430066711014.1688.com;https://detail.1688.com/offer/649221181161.html
即墨区小明子饰品店;https://shop07408219107e9.1688.com;https://detail.1688.com/offer/652183547799.html
义乌市约瑟饰品厂;https://ysjewelry.1688.com;https://detail.1688.com/offer/615817897583.html
柳河县柳河镇佳翠饰品店;https://shop1141dg2864g86.1688.com;https://detail.1688.com/offer/653261977408.html
东莞市尚嘉五金饰品有限公司;https://dglihaiyong.1688.com;https://detail.1688.com/offer/591832827313.html
义乌市勾通电子商务商行;https://gtxw163.1688.com;https://detail.1688.com/offer/589079576371.html
义乌市恩汐尔电子商务有限公司;https://shop3992576f31577.1688.com;https://detail.1688.com/offer/642897197489.html
义乌市缇莫饰品配件有限公司;https://shop568b66nj54414.1688.com;https://detail.1688.com/offer/641300137855.html
义乌市庆荣贸易有限公司;https://qingjiao.1688.com;https://detail.1688.com/offer/650931304148.html
广州熙源贸易有限公司;https://shop4j22s57667417.1688.com;https://detail.1688.com/offer/631621314352.html
义乌市蓝豆饰品有限公司;https://yebeijewelry.1688.com;https://detail.1688.com/offer/567389496026.html
义乌市静朵贸易有限公司;https://shop0038a88a6t774.1688.com;https://detail.1688.com/offer/653794090301.html
义乌市欧柔电子商务有限公司;https://18006897511.1688.com;https://detail.1688.com/offer/40633968107.html
东阳市轩宇饰品有限公司;https://shop3294a26893028.1688.com;https://detail.1688.com/offer/642054597388.html
义乌市荣嘉饰品厂;https://shop6u0503wy80313.1688.com;https://detail.1688.com/offer/653130358034.html
广州市越秀区曼璇饰品商行;https://shop67q933569v202.1688.com;https://detail.1688.com/offer/654407173523.html
义乌市美喵饰品有限公司;https://shop11562z5060252.1688.com;https://detail.1688.com/offer/635165282745.html
玉林市玉州区海园日用品店;https://shop61240544488p3.1688.com;https://detail.1688.com/offer/651616367137.html
义乌市首秀饰品厂;https://juxinsp20080808.1688.com;https://detail.1688.com/offer/628758241239.html
义乌市川音饰品有限公司;https://shop5zd2g80197012.1688.com;https://detail.1688.com/offer/642762305795.html
诸暨市山下湖镇婷玉珠宝商行;https://shop129g5n14601o8.1688.com;https://detail.1688.com/offer/641885775382.html
深圳市南山区逢圆饰品配件批发商行;https://shop1459443955985.1688.com;https://detail.1688.com/offer/568257545642.html
义乌市满盈饰品厂;https://shop95q04115140y4.1688.com;https://detail.1688.com/offer/569655260658.html
义乌市洪凤琴电子商务商行;https://1688cqs.1688.com;https://detail.1688.com/offer/640939155090.html
佛山市南海区资韩娜服饰厂;https://shop1x320845775t6.1688.com;https://detail.1688.com/offer/644832683152.html
义乌市酷秀饰品厂;https://kuxiushipin.1688.com;https://detail.1688.com/offer/629467851887.html
浙江佑米电子商务有限公司;https://shop2169v40r5a380.1688.com;https://detail.1688.com/offer/651749009471.html
诸暨市露婷工艺品厂;https://shop6z4376v1537d6.1688.com;https://detail.1688.com/offer/615984844334.html
