COMPANY NAME;COMPANY LINK;TOTAL OFFERS;LIST NUMBER;OFFER LINK;LIST NUMBER;OFFER LINK;LIST NUMBER;OFFER LINK;LIST NUMBER;OFFER LINK;LIST NUMBER;OFFER LINK;LIST NUMBER;OFFER LINK;LIST NUMBER;OFFER LINK;;;;;;;;;;;;;;;;;;;;;;;;;;;;;;;;;;;;;;;;;;;;;;;;;;;;;;;;;;;;;;;;;;;;;;;;;;;;;;;;;;;;;;;;;;;;;;;;;;;;;;;;;;;;;;;;;;;;;;;;;;;;;;;;;;;;;;;;;;;;;;;;;;;;;;;;;;;;;;;;;;;;;;;;;;;;;;;;;;;;
义乌市摩多贸易有限公司;https://moduomaoyi.1688.com;33;1;https://detail.1688.com/offer/654096820359.html;;;3;https://detail.1688.com/offer/654096820359.html;;;5;https://detail.1688.com/offer/654096820359.html;6;https://detail.1688.com/offer/654096820359.html;7;https://detail.1688.com/offer/644343555730.html;;;9;https://detail.1688.com/offer/625340954512.html;;;11;https://detail.1688.com/offer/620862139058.html;12;https://detail.1688.com/offer/630200086291.html;;;;;;;;;;;;;19;https://detail.1688.com/offer/655158979578.html;20;https://detail.1688.com/offer/654942224965.html;21;https://detail.1688.com/offer/655158979578.html;22;https://detail.1688.com/offer/631847949879.html;23;https://detail.1688.com/offer/631847949879.html;;;25;https://detail.1688.com/offer/644552876864.html;;;27;https://detail.1688.com/offer/655383549014.html;;;29;https://detail.1688.com/offer/651816086811.html;30;https://detail.1688.com/offer/622168601891.html;31;https://detail.1688.com/offer/649044180427.html;;;33;https://detail.1688.com/offer/654096820359.html;34;https://detail.1688.com/offer/642435290484.html;35;https://detail.1688.com/offer/652621168776.html;;;37;https://detail.1688.com/offer/632023042889.html;;;;;40;https://detail.1688.com/offer/643502407992.html;;;;;;;44;https://detail.1688.com/offer/627197691268.html;;;;;;;;;;;;;;;;;53;https://detail.1688.com/offer/624019564563.html;;;55;https://detail.1688.com/offer/624019564563.html;;;;;;;59;https://detail.1688.com/offer/623896496032.html;60;https://detail.1688.com/offer/624019564563.html;61;https://detail.1688.com/offer/624019564563.html;62;https://detail.1688.com/offer/624042190909.html;;;;;;;;;;;;;;;;;;;;;;;;;75;https://detail.1688.com/offer/624340027537.html;76;https://detail.1688.com/offer/635217596831.html;;;;;;;;;;;;;;;;;;;;;;;;;;;;;;;;;;;;;;;;;;
广州哈琳娜饰品厂;https://harrina.1688.com;29;1;https://detail.1688.com/offer/643096784459.html;2;https://detail.1688.com/offer/640741060287.html;3;https://detail.1688.com/offer/640165118098.html;4;https://detail.1688.com/offer/643383377176.html;5;https://detail.1688.com/offer/640644373613.html;6;https://detail.1688.com/offer/651493152171.html;7;https://detail.1688.com/offer/640297478473.html;8;https://detail.1688.com/offer/639959665353.html;9;https://detail.1688.com/offer/644690063857.html;10;https://detail.1688.com/offer/653300806265.html;11;https://detail.1688.com/offer/639590952323.html;12;https://detail.1688.com/offer/653684559351.html;13;https://detail.1688.com/offer/644149279650.html;14;https://detail.1688.com/offer/651493152171.html;15;https://detail.1688.com/offer/651805142500.html;16;https://detail.1688.com/offer/652925961672.html;17;https://detail.1688.com/offer/654133290125.html;;;;;;;21;https://detail.1688.com/offer/642902605015.html;;;23;https://detail.1688.com/offer/651136998430.html;24;https://detail.1688.com/offer/642253795404.html;25;https://detail.1688.com/offer/645937808283.html;26;https://detail.1688.com/offer/651493152171.html;;;;;;;;;;;32;https://detail.1688.com/offer/644690063857.html;33;https://detail.1688.com/offer/651448920603.html;34;https://detail.1688.com/offer/643590979523.html;35;https://detail.1688.com/offer/643252369272.html;;;;;;;39;https://detail.1688.com/offer/640498091423.html;;;;;;;;;44;https://detail.1688.com/offer/655758414634.html;;;;;;;;;;;;;;;;;;;;;;;;;;;;;;;;;;;;;;;;;;;;;;;;;;;;;;;;;;;;;75;https://detail.1688.com/offer/650355364017.html;;;;;;;;;;;;;;;;;;;;;;;;;;;;;;;;;92;https://detail.1688.com/offer/580490815691.html;;;;;;;;;;
义乌千芙饰品有限公司;https://shop1404528103758.1688.com;29;1;https://detail.1688.com/offer/566218886881.html;2;https://detail.1688.com/offer/598539295765.html;3;https://detail.1688.com/offer/614011183130.html;4;https://detail.1688.com/offer/578958602315.html;5;https://detail.1688.com/offer/589015671161.html;6;https://detail.1688.com/offer/589015671161.html;7;https://detail.1688.com/offer/630210750938.html;8;https://detail.1688.com/offer/578958602315.html;9;https://detail.1688.com/offer/641752463708.html;10;https://detail.1688.com/offer/598539295765.html;;;12;https://detail.1688.com/offer/597539499036.html;13;https://detail.1688.com/offer/591020370171.html;14;https://detail.1688.com/offer/575627004424.html;;;16;https://detail.1688.com/offer/607936735044.html;17;https://detail.1688.com/offer/606721672827.html;;;19;https://detail.1688.com/offer/559199906209.html;20;https://detail.1688.com/offer/605212572021.html;21;https://detail.1688.com/offer/622655898798.html;;;23;https://detail.1688.com/offer/651040350568.html;;;25;https://detail.1688.com/offer/617103937557.html;26;https://detail.1688.com/offer/575627004424.html;;;;;29;https://detail.1688.com/offer/605656641294.html;;;31;https://detail.1688.com/offer/583327803260.html;;;33;https://detail.1688.com/offer/619665247517.html;;;;;;;37;https://detail.1688.com/offer/575936672324.html;;;39;https://detail.1688.com/offer/607880704025.html;40;https://detail.1688.com/offer/609815201779.html;;;;;;;44;https://detail.1688.com/offer/655441238496.html;;;;;;;;;;;;;;;;;;;;;;;;;;;;;;;;;;;;;;;;;;;;;;;;;;;;;;;;;;;;;75;https://detail.1688.com/offer/620747901728.html;;;;;;;;;;;;;;;;;;;;;;;;;;;;;;;;;;;;;;;;;;;;
义乌市三态饰品有限公司;https://santai3333.1688.com;28;1;https://detail.1688.com/offer/621421763251.html;2;https://detail.1688.com/offer/621421763251.html;3;https://detail.1688.com/offer/621421763251.html;;;5;https://detail.1688.com/offer/621421763251.html;6;https://detail.1688.com/offer/621421763251.html;;;;;9;https://detail.1688.com/offer/630387357522.html;;;11;https://detail.1688.com/offer/621421763251.html;;;;;;;15;https://detail.1688.com/offer/629881703401.html;16;https://detail.1688.com/offer/654561043394.html;;;;;19;https://detail.1688.com/offer/582716774446.html;20;https://detail.1688.com/offer/599560060591.html;21;https://detail.1688.com/offer/582716774446.html;;;23;https://detail.1688.com/offer/619363523713.html;24;https://detail.1688.com/offer/588106802290.html;25;https://detail.1688.com/offer/621110235757.html;26;https://detail.1688.com/offer/575212747190.html;27;https://detail.1688.com/offer/588106802290.html;28;https://detail.1688.com/offer/576718576838.html;29;https://detail.1688.com/offer/611804236090.html;30;https://detail.1688.com/offer/597737115384.html;31;https://detail.1688.com/offer/600748476112.html;;;33;https://detail.1688.com/offer/621421763251.html;;;;;;;;;;;39;https://detail.1688.com/offer/640622006029.html;40;https://detail.1688.com/offer/587815183873.html;;;;;;;;;;;;;;;;;;;;;;;;;53;https://detail.1688.com/offer/568378744125.html;;;55;https://detail.1688.com/offer/568378744125.html;;;;;;;;;60;https://detail.1688.com/offer/568378744125.html;61;https://detail.1688.com/offer/568378744125.html;;;;;;;;;;;;;;;;;;;;;;;;;;;;;;;;;;;;;;;;;;;;;;;;;;;;;;;;;;;;;;;;;;;;;;;;
柘荣县角半日用品经营部;https://shop34738b87sm401.1688.com;27;1;https://detail.1688.com/offer/645559076410.html;2;https://detail.1688.com/offer/653760100804.html;;;4;https://detail.1688.com/offer/650932413100.html;5;https://detail.1688.com/offer/645559076410.html;6;https://detail.1688.com/offer/645559076410.html;;;8;https://detail.1688.com/offer/645559076410.html;;;;;;;12;https://detail.1688.com/offer/652565076910.html;;;14;https://detail.1688.com/offer/653152084261.html;;;;;;;18;https://detail.1688.com/offer/648278327612.html;19;https://detail.1688.com/offer/648278327612.html;20;https://detail.1688.com/offer/648278327612.html;;;;;23;https://detail.1688.com/offer/652288133005.html;;;;;;;27;https://detail.1688.com/offer/653259069111.html;;;;;30;https://detail.1688.com/offer/651968271190.html;;;;;;;;;35;https://detail.1688.com/offer/652006728934.html;;;;;;;;;;;;;42;https://detail.1688.com/offer/646774092613.html;;;44;https://detail.1688.com/offer/653149984575.html;;;;;;;;;;;;;51;https://detail.1688.com/offer/652287189315.html;52;https://detail.1688.com/offer/650639715959.html;53;https://detail.1688.com/offer/650639715959.html;54;https://detail.1688.com/offer/650639715959.html;55;https://detail.1688.com/offer/653002513123.html;;;;;;;;;60;https://detail.1688.com/offer/649251736395.html;;;62;https://detail.1688.com/offer/653762248301.html;;;;;;;;;;;;;;;;;71;https://detail.1688.com/offer/650207289830.html;;;;;;;;;;;;;;;;;;;;;;;;;;;;;;;;;;;;;;;;;;;;;;;;;;;;
南平市建阳区练光纬百货店;https://shop1372um9879169.1688.com;26;1;https://detail.1688.com/offer/653090119587.html;2;https://detail.1688.com/offer/650359934004.html;;;4;https://detail.1688.com/offer/650598752558.html;;;6;https://detail.1688.com/offer/649841069232.html;7;https://detail.1688.com/offer/651809325633.html;;;9;https://detail.1688.com/offer/649966096475.html;;;;;12;https://detail.1688.com/offer/649841069232.html;;;;;15;https://detail.1688.com/offer/650565931671.html;16;https://detail.1688.com/offer/648880368010.html;;;;;;;;;;;;;23;https://detail.1688.com/offer/653184601208.html;24;https://detail.1688.com/offer/647266055867.html;25;https://detail.1688.com/offer/647250271011.html;;;;;;;;;;;31;https://detail.1688.com/offer/651656766787.html;32;https://detail.1688.com/offer/648146611263.html;;;;;;;36;https://detail.1688.com/offer/652050758881.html;37;https://detail.1688.com/offer/650519232952.html;38;https://detail.1688.com/offer/646122442285.html;;;40;https://detail.1688.com/offer/652655994392.html;;;42;https://detail.1688.com/offer/647790858019.html;43;https://detail.1688.com/offer/651760705737.html;;;;;;;;;;;;;;;;;;;;;;;55;https://detail.1688.com/offer/651909884770.html;;;;;;;;;;;61;https://detail.1688.com/offer/651909884770.html;;;;;;;;;;;;;;;;;70;https://detail.1688.com/offer/651563132263.html;71;https://detail.1688.com/offer/651563132263.html;;;;;;;;;;;;;;;;;;;;;;;;;;;;;;;;;;;;;;;;;;;;;;;;;;;;
义乌市奇阅饰品有限公司;https://qiyueshipin.1688.com;26;1;https://detail.1688.com/offer/558024162242.html;;;3;https://detail.1688.com/offer/603657237501.html;4;https://detail.1688.com/offer/558024162242.html;5;https://detail.1688.com/offer/542244226783.html;;;7;https://detail.1688.com/offer/546103454561.html;8;https://detail.1688.com/offer/606755749935.html;9;https://detail.1688.com/offer/604078107402.html;;;;;12;https://detail.1688.com/offer/541970539404.html;;;14;https://detail.1688.com/offer/614404922252.html;;;;;17;https://detail.1688.com/offer/606755749935.html;;;19;https://detail.1688.com/offer/615893120747.html;20;https://detail.1688.com/offer/615893120747.html;;;22;https://detail.1688.com/offer/529658732752.html;23;https://detail.1688.com/offer/529658732752.html;24;https://detail.1688.com/offer/590121558861.html;25;https://detail.1688.com/offer/639469201240.html;26;https://detail.1688.com/offer/529663680772.html;;;28;https://detail.1688.com/offer/581409477111.html;29;https://detail.1688.com/offer/588848853873.html;30;https://detail.1688.com/offer/588641237354.html;31;https://detail.1688.com/offer/581221404547.html;32;https://detail.1688.com/offer/622950565383.html;33;https://detail.1688.com/offer/634480158664.html;;;;;;;;;;;;;40;https://detail.1688.com/offer/639338135860.html;;;;;;;;;;;;;;;;;;;;;;;;;;;;;;;;;;;;;;;;;;;62;https://detail.1688.com/offer/624908191446.html;;;;;;;;;;;;;;;;;;;;;;;;;75;https://detail.1688.com/offer/551605630931.html;;;;;;;;;;;;;;;;;;;;;;;;;;;;;;;;;;;;;;;;;;;;
柘荣县角村日用品经营部;https://shop12u1790r83y92.1688.com;24;1;https://detail.1688.com/offer/650149817149.html;;;3;https://detail.1688.com/offer/650149817149.html;4;https://detail.1688.com/offer/650149817149.html;5;https://detail.1688.com/offer/652468090646.html;6;https://detail.1688.com/offer/650149817149.html;;;8;https://detail.1688.com/offer/650149817149.html;;;;;11;https://detail.1688.com/offer/650149817149.html;;;13;https://detail.1688.com/offer/649263028512.html;14;https://detail.1688.com/offer/652468090646.html;;;;;;;;;19;https://detail.1688.com/offer/650146097787.html;20;https://detail.1688.com/offer/650146097787.html;;;;;;;;;;;26;https://detail.1688.com/offer/652394762204.html;;;;;;;;;;;;;33;https://detail.1688.com/offer/650149817149.html;;;;;;;37;https://detail.1688.com/offer/652468090646.html;;;39;https://detail.1688.com/offer/646200142604.html;;;;;;;43;https://detail.1688.com/offer/645893610635.html;;;;;;;;;;;;;;;;;;;53;https://detail.1688.com/offer/650854553601.html;;;;;;;;;;;59;https://detail.1688.com/offer/652170750184.html;;;;;;;;;64;https://detail.1688.com/offer/651587007470.html;;;;;;;;;;;70;https://detail.1688.com/offer/651423610059.html;71;https://detail.1688.com/offer/651423610059.html;;;;;;;;;;;;;;;;;;;;;;;;;;;;;;;;;;;;;;;;;;;;;;;;;;;;
义乌市厚盾电子商务商行;https://shop106434x85n9j8.1688.com;24;1;https://detail.1688.com/offer/652172826381.html;;;3;https://detail.1688.com/offer/652172826381.html;4;https://detail.1688.com/offer/652172826381.html;5;https://detail.1688.com/offer/652172826381.html;6;https://detail.1688.com/offer/652172826381.html;;;8;https://detail.1688.com/offer/652172826381.html;;;;;11;https://detail.1688.com/offer/652172826381.html;12;https://detail.1688.com/offer/650929065714.html;;;;;;;16;https://detail.1688.com/offer/649964636579.html;;;18;https://detail.1688.com/offer/652709670181.html;;;20;https://detail.1688.com/offer/651268771572.html;;;;;;;;;;;;;;;;;;;;;31;https://detail.1688.com/offer/652811127319.html;32;https://detail.1688.com/offer/652028479281.html;33;https://detail.1688.com/offer/652172826381.html;34;https://detail.1688.com/offer/648901409412.html;;;;;;;;;;;40;https://detail.1688.com/offer/649019852431.html;41;https://detail.1688.com/offer/649478793688.html;42;https://detail.1688.com/offer/653432635652.html;43;https://detail.1688.com/offer/650273562971.html;44;https://detail.1688.com/offer/649713328471.html;;;;;;;;;;;;;51;https://detail.1688.com/offer/650133517194.html;;;;;;;;;;;;;;;59;https://detail.1688.com/offer/652029399107.html;;;;;;;;;;;;;;;;;;;;;70;https://detail.1688.com/offer/650659126459.html;71;https://detail.1688.com/offer/650659126459.html;;;;;;;;;;;;;;;;;;;;;;;;;;;;;;;;;;;;;90;https://detail.1688.com/offer/652388309905.html;;;;;;;;;;;;;;
义乌市莱玛电子商务有限公司;https://laimasp.1688.com;24;1;https://detail.1688.com/offer/614089985606.html;2;https://detail.1688.com/offer/641401841261.html;3;https://detail.1688.com/offer/644807429039.html;4;https://detail.1688.com/offer/641401841261.html;5;https://detail.1688.com/offer/644807429039.html;6;https://detail.1688.com/offer/607151296037.html;7;https://detail.1688.com/offer/654119857674.html;8;https://detail.1688.com/offer/604398892812.html;9;https://detail.1688.com/offer/593191390199.html;10;https://detail.1688.com/offer/641845059589.html;11;https://detail.1688.com/offer/604398892812.html;12;https://detail.1688.com/offer/593361431169.html;13;https://detail.1688.com/offer/632713306238.html;;;15;https://detail.1688.com/offer/626199974457.html;16;https://detail.1688.com/offer/604933412248.html;17;https://detail.1688.com/offer/641401841261.html;;;19;https://detail.1688.com/offer/613818368502.html;20;https://detail.1688.com/offer/613818368502.html;;;;;;;;;;;;;;;;;29;https://detail.1688.com/offer/633442241232.html;;;31;https://detail.1688.com/offer/634072971697.html;32;https://detail.1688.com/offer/593191390199.html;;;;;35;https://detail.1688.com/offer/593191390199.html;36;https://detail.1688.com/offer/580689849603.html;;;;;39;https://detail.1688.com/offer/653686496361.html;;;;;;;;;;;;;;;;;;;;;;;;;;;;;;;;;;;;;;;;;;;;;;;;;;;;;;;;;;;;;;;;;;;;;;;;;;;;;;;;;;;;;;;;;;;;;;;;;;;;;;;;;;;;;;;;;;;;
义乌市妙德电子商务商行;https://shop1354900280794.1688.com;24;1;https://detail.1688.com/offer/649280096099.html;2;https://detail.1688.com/offer/531402580025.html;;;4;https://detail.1688.com/offer/613967066918.html;5;https://detail.1688.com/offer/652406678177.html;;;;;8;https://detail.1688.com/offer/613967066918.html;9;https://detail.1688.com/offer/607214676734.html;;;;;12;https://detail.1688.com/offer/546395807011.html;13;https://detail.1688.com/offer/546395807011.html;14;https://detail.1688.com/offer/614257803760.html;;;16;https://detail.1688.com/offer/613967066918.html;;;;;;;20;https://detail.1688.com/offer/626047553152.html;21;https://detail.1688.com/offer/626047553152.html;;;;;24;https://detail.1688.com/offer/597354788531.html;;;26;https://detail.1688.com/offer/615029137849.html;;;28;https://detail.1688.com/offer/609408623851.html;29;https://detail.1688.com/offer/597772998731.html;;;31;https://detail.1688.com/offer/585565000850.html;32;https://detail.1688.com/offer/636698441425.html;;;;;35;https://detail.1688.com/offer/608385187998.html;;;37;https://detail.1688.com/offer/650562708784.html;;;39;https://detail.1688.com/offer/602617172224.html;40;https://detail.1688.com/offer/604907550264.html;;;;;;;;;;;;;;;;;;;;;51;https://detail.1688.com/offer/591956259035.html;;;;;;;;;;;;;;;;;;;;;;;;;;;;;;;;;;;;;;;;;;;;;;;75;https://detail.1688.com/offer/650091646720.html;;;;;;;;;;;;;;;;;;;;;;;;;;;;;;;;;;;;;;;;;;;;
深圳市宝安区福海靓依都服装厂;https://shop1494607960707.1688.com;23;1;https://detail.1688.com/offer/632236997618.html;2;https://detail.1688.com/offer/651949237210.html;3;https://detail.1688.com/offer/626068312745.html;4;https://detail.1688.com/offer/641705829522.html;5;https://detail.1688.com/offer/648384454943.html;6;https://detail.1688.com/offer/648384454943.html;7;https://detail.1688.com/offer/641228793083.html;;;9;https://detail.1688.com/offer/643382457434.html;10;https://detail.1688.com/offer/624018896925.html;11;https://detail.1688.com/offer/597426985305.html;;;13;https://detail.1688.com/offer/631153855564.html;;;15;https://detail.1688.com/offer/631436339089.html;16;https://detail.1688.com/offer/630849705866.html;;;;;;;;;21;https://detail.1688.com/offer/633967978133.html;;;23;https://detail.1688.com/offer/652318346278.html;;;25;https://detail.1688.com/offer/623848876823.html;;;;;;;29;https://detail.1688.com/offer/638920481680.html;30;https://detail.1688.com/offer/644089348127.html;;;32;https://detail.1688.com/offer/643382457434.html;;;34;https://detail.1688.com/offer/633818669951.html;35;https://detail.1688.com/offer/628129219917.html;;;37;https://detail.1688.com/offer/636681557017.html;;;;;;;;;;;;;44;https://detail.1688.com/offer/628473767596.html;;;;;;;;;;;;;;;;;;;;;;;;;;;;;;;;;;;;;;;;;;;;;;;;;;;;;;;;;;;;;;;;;;;;;;;;;;;;;;;;;;;;;;;;;;;;;;;;;;;;;;;;;;
义乌市骍隆电子商务商行;https://shop684n393892646.1688.com;23;1;https://detail.1688.com/offer/654095244707.html;2;https://detail.1688.com/offer/650278473372.html;3;https://detail.1688.com/offer/654679758418.html;;;5;https://detail.1688.com/offer/650277701505.html;;;;;;;9;https://detail.1688.com/offer/655307215005.html;10;https://detail.1688.com/offer/650278473372.html;11;https://detail.1688.com/offer/651968014722.html;12;https://detail.1688.com/offer/650277701505.html;;;;;;;;;;;18;https://detail.1688.com/offer/654539353085.html;19;https://detail.1688.com/offer/649860852285.html;20;https://detail.1688.com/offer/654914214422.html;;;22;https://detail.1688.com/offer/650751121560.html;23;https://detail.1688.com/offer/652249298269.html;;;;;;;;;;;29;https://detail.1688.com/offer/651454916705.html;;;;;;;;;;;35;https://detail.1688.com/offer/653356987777.html;36;https://detail.1688.com/offer/655305683209.html;;;;;39;https://detail.1688.com/offer/650434136697.html;;;41;https://detail.1688.com/offer/649860644345.html;;;;;44;https://detail.1688.com/offer/654534497883.html;;;;;;;;;;;;;51;https://detail.1688.com/offer/647308410430.html;;;53;https://detail.1688.com/offer/651968738407.html;;;;;;;;;;;59;https://detail.1688.com/offer/652247402593.html;;;;;62;https://detail.1688.com/offer/646233108075.html;;;;;;;;;;;;;;;;;;;;;;;;;;;;;;;;;;;;;;;;;;;;;;;;;;;;;;;;;;;;;;;;;;;;;;
东阳市艾莎饰品有限公司;https://shop73l36v18478s7.1688.com;22;1;https://detail.1688.com/offer/650684504707.html;2;https://detail.1688.com/offer/634213214631.html;;;4;https://detail.1688.com/offer/636112706799.html;5;https://detail.1688.com/offer/651102545738.html;6;https://detail.1688.com/offer/651105109009.html;7;https://detail.1688.com/offer/651102545738.html;;;9;https://detail.1688.com/offer/633977209141.html;;;;;12;https://detail.1688.com/offer/634605939884.html;;;;;;;16;https://detail.1688.com/offer/634291234525.html;;;;;;;;;;;22;https://detail.1688.com/offer/636120662041.html;23;https://detail.1688.com/offer/636445703084.html;;;;;26;https://detail.1688.com/offer/636116710483.html;;;28;https://detail.1688.com/offer/635286339501.html;29;https://detail.1688.com/offer/635431844919.html;30;https://detail.1688.com/offer/635432136785.html;31;https://detail.1688.com/offer/636112506918.html;;;;;;;35;https://detail.1688.com/offer/636440523520.html;;;;;;;;;;;;;;;;;;;;;;;;;;;;;;;;;52;https://detail.1688.com/offer/635797889298.html;;;54;https://detail.1688.com/offer/635797889298.html;;;56;https://detail.1688.com/offer/635797889298.html;;;;;59;https://detail.1688.com/offer/636119522286.html;;;61;https://detail.1688.com/offer/636446731102.html;;;;;;;;;;;;;;;;;;;;;;;;;;;;;;;;;;;;;;;;;;;;;;;;;;;;;;;;;;;;;;;;;;;;;;;;
义乌市酷华饰品厂;https://shop1438707329000.1688.com;22;1;https://detail.1688.com/offer/649957619569.html;;;;;4;https://detail.1688.com/offer/631518535363.html;5;https://detail.1688.com/offer/649957619569.html;6;https://detail.1688.com/offer/651723955619.html;7;https://detail.1688.com/offer/649957619569.html;;;9;https://detail.1688.com/offer/631028095949.html;;;;;;;;;;;;;16;https://detail.1688.com/offer/601584873517.html;;;;;;;;;;;22;https://detail.1688.com/offer/630171540756.html;23;https://detail.1688.com/offer/631119727757.html;;;;;;;;;28;https://detail.1688.com/offer/634958318425.html;29;https://detail.1688.com/offer/607917185986.html;30;https://detail.1688.com/offer/629083647536.html;31;https://detail.1688.com/offer/607955947937.html;;;;;;;35;https://detail.1688.com/offer/630096580940.html;;;;;;;;;;;;;;;;;;;;;;;;;;;;;;;;;52;https://detail.1688.com/offer/591887083966.html;53;https://detail.1688.com/offer/575628021522.html;54;https://detail.1688.com/offer/591887083966.html;55;https://detail.1688.com/offer/608407734857.html;56;https://detail.1688.com/offer/608892707534.html;;;;;59;https://detail.1688.com/offer/606007752460.html;60;https://detail.1688.com/offer/606934162864.html;61;https://detail.1688.com/offer/608407734857.html;;;;;;;;;;;;;;;;;;;;;;;;;;;;;;;;;;;;;;;;;;;;;;;;;;;;;;;;;;;;;;;;;;;;;;;;
义乌市昕涵饰品有限公司;https://shop249075gr0r667.1688.com;21;1;https://detail.1688.com/offer/634156207815.html;2;https://detail.1688.com/offer/634156207815.html;3;https://detail.1688.com/offer/642734358454.html;4;https://detail.1688.com/offer/633844298277.html;5;https://detail.1688.com/offer/634156207815.html;6;https://detail.1688.com/offer/634156207815.html;7;https://detail.1688.com/offer/601504572379.html;8;https://detail.1688.com/offer/627034762122.html;9;https://detail.1688.com/offer/634156207815.html;;;11;https://detail.1688.com/offer/642734358454.html;;;;;;;;;;;;;;;;;;;21;https://detail.1688.com/offer/637599682934.html;;;;;;;25;https://detail.1688.com/offer/643075851101.html;;;;;28;https://detail.1688.com/offer/614193534677.html;;;;;31;https://detail.1688.com/offer/633158380980.html;32;https://detail.1688.com/offer/585348855011.html;33;https://detail.1688.com/offer/634156207815.html;;;35;https://detail.1688.com/offer/634156207815.html;;;;;;;;;;;;;;;;;;;;;;;;;;;;;;;;;;;;;;;;;;;;;;;;;;;;;62;https://detail.1688.com/offer/634246581052.html;;;;;;;;;67;https://detail.1688.com/offer/642387493466.html;;;;;;;;;;;;;74;https://detail.1688.com/offer/580480519732.html;;;;;;;;;;;;;;;;;;;;;;;;;;;;;;;;;;;;;;;;;;;;;;
义乌市蒲钻电子商务商行;https://shop1358592219982.1688.com;21;1;https://detail.1688.com/offer/562471353777.html;2;https://detail.1688.com/offer/643244765375.html;3;https://detail.1688.com/offer/623458842749.html;;;5;https://detail.1688.com/offer/562471353777.html;6;https://detail.1688.com/offer/629642736845.html;7;https://detail.1688.com/offer/643244765375.html;;;9;https://detail.1688.com/offer/602843908657.html;10;https://detail.1688.com/offer/642270742567.html;11;https://detail.1688.com/offer/634474907256.html;12;https://detail.1688.com/offer/566037855448.html;;;;;;;16;https://detail.1688.com/offer/618732185861.html;17;https://detail.1688.com/offer/647255041856.html;;;19;https://detail.1688.com/offer/618781112636.html;;;;;;;;;;;;;26;https://detail.1688.com/offer/618786049503.html;;;;;;;;;;;32;https://detail.1688.com/offer/602843908657.html;;;;;;;;;37;https://detail.1688.com/offer/606831111138.html;;;39;https://detail.1688.com/offer/611044002720.html;40;https://detail.1688.com/offer/605527911344.html;;;;;;;44;https://detail.1688.com/offer/652849538451.html;;;;;;;;;;;;;51;https://detail.1688.com/offer/588639048800.html;;;;;;;;;;;;;;;;;;;;;;;;;;;;;;;;;;;;;;;;;;;;;;;75;https://detail.1688.com/offer/648745704850.html;;;;;;;;;;;;;;;;;;;;;;;;;;;;;;;;;;;;;;;;;;;;
义乌市蕊柔电子商务商行;https://shop1414773994392.1688.com;21;1;https://detail.1688.com/offer/557903781879.html;2;https://detail.1688.com/offer/591467876839.html;3;https://detail.1688.com/offer/557903781879.html;4;https://detail.1688.com/offer/581740813303.html;5;https://detail.1688.com/offer/557903781879.html;6;https://detail.1688.com/offer/557903781879.html;;;8;https://detail.1688.com/offer/581740813303.html;9;https://detail.1688.com/offer/581738017408.html;10;https://detail.1688.com/offer/575787752754.html;;;;;;;;;;;;;;;18;https://detail.1688.com/offer/649810092265.html;19;https://detail.1688.com/offer/649810092265.html;20;https://detail.1688.com/offer/558567516137.html;21;https://detail.1688.com/offer/641518020486.html;;;;;;;;;;;;;;;;;30;https://detail.1688.com/offer/568951058996.html;31;https://detail.1688.com/offer/44700875548.html;32;https://detail.1688.com/offer/643190604468.html;33;https://detail.1688.com/offer/557903781879.html;34;https://detail.1688.com/offer/563911731274.html;;;;;;;;;;;;;;;;;;;44;https://detail.1688.com/offer/597265247927.html;;;;;;;;;;;50;https://detail.1688.com/offer/613294513085.html;;;;;;;;;;;;;;;;;;;;;;;;;;;;;;;;;;;;;;;;;;;72;https://detail.1688.com/offer/569037381853.html;;;;;;;;;;;;;;;;;;;;;;;;;;;;;;;;;;;;;;;;;;;;;;;;;;
广州嘚铭玩具商行;https://shop59682kt3226k7.1688.com;21;1;https://detail.1688.com/offer/654789997204.html;;;;;;;5;https://detail.1688.com/offer/652782937974.html;;;7;https://detail.1688.com/offer/648682067008.html;;;9;https://detail.1688.com/offer/655165318307.html;10;https://detail.1688.com/offer/646350650706.html;;;;;;;14;https://detail.1688.com/offer/654830969875.html;;;;;;;;;19;https://detail.1688.com/offer/652706817355.html;20;https://detail.1688.com/offer/655165154319.html;21;https://detail.1688.com/offer/655165154319.html;;;23;https://detail.1688.com/offer/654348956097.html;;;25;https://detail.1688.com/offer/655429862740.html;26;https://detail.1688.com/offer/653375663584.html;;;28;https://detail.1688.com/offer/655114425186.html;29;https://detail.1688.com/offer/655602343341.html;;;;;32;https://detail.1688.com/offer/655165318307.html;33;https://detail.1688.com/offer/653374435738.html;;;;;;;;;;;;;40;https://detail.1688.com/offer/655827599177.html;41;https://detail.1688.com/offer/652189740671.html;;;;;;;;;;;;;;;;;;;;;52;https://detail.1688.com/offer/652700465959.html;;;;;;;;;57;https://detail.1688.com/offer/652700465959.html;;;;;;;;;;;;;;;;;;;;;;;;;;;;;;;;;74;https://detail.1688.com/offer/652279828198.html;;;;;;;;;;;;;;;;;;;;;;;;;;;;;;;;;;;;;;;;;;;;;;
义乌科凡电子商务商行;https://shop854301399n549.1688.com;20;1;https://detail.1688.com/offer/655392079149.html;;;3;https://detail.1688.com/offer/655392079149.html;4;https://detail.1688.com/offer/655392079149.html;;;6;https://detail.1688.com/offer/655392079149.html;;;8;https://detail.1688.com/offer/655392079149.html;;;10;https://detail.1688.com/offer/655174331759.html;11;https://detail.1688.com/offer/655392079149.html;;;;;;;;;;;;;;;;;;;;;;;;;;;25;https://detail.1688.com/offer/654863486173.html;26;https://detail.1688.com/offer/655781550376.html;27;https://detail.1688.com/offer/654904253336.html;;;;;;;;;;;33;https://detail.1688.com/offer/654996294670.html;;;;;;;;;38;https://detail.1688.com/offer/655321311724.html;39;https://detail.1688.com/offer/632108639756.html;40;https://detail.1688.com/offer/632108639756.html;;;;;;;;;;;;;;;;;;;;;;;;;;;;;;;;;57;https://detail.1688.com/offer/654230808580.html;;;59;https://detail.1688.com/offer/654230808580.html;;;61;https://detail.1688.com/offer/654230808580.html;;;;;;;65;https://detail.1688.com/offer/654532544181.html;;;;;68;https://detail.1688.com/offer/655405033728.html;69;https://detail.1688.com/offer/654532544181.html;;;;;;;;;;;;;;;;;;;;;;;81;https://detail.1688.com/offer/648953820079.html;;;83;https://detail.1688.com/offer/656062282586.html;;;;;;;;;;;;;;;;;;;;;;;;;;;;
义乌市冷安电子商务商行;https://shop1464368243607.1688.com;20;1;https://detail.1688.com/offer/557864264499.html;2;https://detail.1688.com/offer/576473285649.html;3;https://detail.1688.com/offer/557864264499.html;4;https://detail.1688.com/offer/646751233225.html;5;https://detail.1688.com/offer/557864264499.html;6;https://detail.1688.com/offer/557864264499.html;;;;;;;10;https://detail.1688.com/offer/591848246060.html;;;;;;;;;;;;;17;https://detail.1688.com/offer/591848246060.html;;;19;https://detail.1688.com/offer/650224493675.html;20;https://detail.1688.com/offer/650224493675.html;21;https://detail.1688.com/offer/650224493675.html;;;;;;;25;https://detail.1688.com/offer/654479437325.html;;;;;;;;;30;https://detail.1688.com/offer/568960970069.html;;;32;https://detail.1688.com/offer/617551998467.html;33;https://detail.1688.com/offer/557864264499.html;34;https://detail.1688.com/offer/563815213157.html;35;https://detail.1688.com/offer/617551998467.html;;;;;;;;;;;;;;;;;44;https://detail.1688.com/offer/596666260698.html;;;;;;;48;https://detail.1688.com/offer/621043729011.html;;;;;;;;;;;;;;;;;;;;;;;;;;;;;;;;;;;;;;;;;;;;;;;72;https://detail.1688.com/offer/569229375201.html;;;;;;;;;;;;;;;;;;;;;;;;;;;;;;;;;;;;;91;https://detail.1688.com/offer/655860338812.html;;;;;;;;;;;;
深圳市龙华新区伊百分手工饰品厂;https://storyacc.1688.com;20;1;https://detail.1688.com/offer/559016213777.html;2;https://detail.1688.com/offer/549481939978.html;;;4;https://detail.1688.com/offer/549454882800.html;5;https://detail.1688.com/offer/558951203088.html;6;https://detail.1688.com/offer/559040414796.html;7;https://detail.1688.com/offer/558863785433.html;;;9;https://detail.1688.com/offer/589913320878.html;10;https://detail.1688.com/offer/549874340275.html;;;;;;;;;15;https://detail.1688.com/offer/589913320878.html;16;https://detail.1688.com/offer/549841415809.html;17;https://detail.1688.com/offer/559016213777.html;;;;;;;;;;;;;24;https://detail.1688.com/offer/548185560666.html;;;;;;;28;https://detail.1688.com/offer/549715221948.html;29;https://detail.1688.com/offer/552898817101.html;;;31;https://detail.1688.com/offer/552241959179.html;32;https://detail.1688.com/offer/558797904853.html;;;34;https://detail.1688.com/offer/563430255189.html;;;;;;;;;;;;;;;;;;;;;;;;;;;;;;;;;;;;;;;54;https://detail.1688.com/offer/554201499080.html;;;;;;;;;59;https://detail.1688.com/offer/547369040745.html;;;;;;;;;;;;;;;;;;;;;;;;;;;;;;;75;https://detail.1688.com/offer/548255290105.html;;;;;;;;;;;;;;;;;;;;;;;;;;;;;;;;;;;;;;;;;;;;
义乌市逸舒贸易有限公司;https://15868952333.1688.com;19;1;https://detail.1688.com/offer/621384980434.html;;;3;https://detail.1688.com/offer/621384980434.html;4;https://detail.1688.com/offer/621384980434.html;5;https://detail.1688.com/offer/621384980434.html;6;https://detail.1688.com/offer/621384980434.html;;;8;https://detail.1688.com/offer/621384980434.html;;;;;11;https://detail.1688.com/offer/621384980434.html;;;;;;;15;https://detail.1688.com/offer/629760180693.html;;;;;;;19;https://detail.1688.com/offer/601655971701.html;20;https://detail.1688.com/offer/619329661464.html;21;https://detail.1688.com/offer/601655971701.html;;;;;24;https://detail.1688.com/offer/588134073873.html;;;26;https://detail.1688.com/offer/607105249097.html;27;https://detail.1688.com/offer/588134073873.html;28;https://detail.1688.com/offer/566975049124.html;29;https://detail.1688.com/offer/625804913472.html;30;https://detail.1688.com/offer/616399936884.html;31;https://detail.1688.com/offer/602572867539.html;;;33;https://detail.1688.com/offer/621384980434.html;;;;;;;;;;;;;;;;;;;;;;;;;;;;;;;;;;;;;;;;;;;;;;;;;;;;;;;;;;;;;;;;;;;;;;;;;;;;;;;;;;;;;;;;;;;;;;;;;;;;;;;;;;;;;;;;;;;;;;;;;;;;;;;;
义乌市润特饰品有限公司;https://sunfangwei8.1688.com;19;1;https://detail.1688.com/offer/627206839035.html;;;;;;;5;https://detail.1688.com/offer/627206839035.html;6;https://detail.1688.com/offer/627206839035.html;7;https://detail.1688.com/offer/628409772475.html;;;9;https://detail.1688.com/offer/619639106251.html;;;;;;;;;;;15;https://detail.1688.com/offer/581781995203.html;;;;;;;;;;;;;22;https://detail.1688.com/offer/630557565657.html;23;https://detail.1688.com/offer/630557565657.html;24;https://detail.1688.com/offer/589573939090.html;;;26;https://detail.1688.com/offer/566127762632.html;;;28;https://detail.1688.com/offer/568523063322.html;29;https://detail.1688.com/offer/596614704445.html;30;https://detail.1688.com/offer/595801281631.html;31;https://detail.1688.com/offer/568505880567.html;32;https://detail.1688.com/offer/619639106251.html;33;https://detail.1688.com/offer/627206839035.html;;;35;https://detail.1688.com/offer/581781995203.html;;;;;;;39;https://detail.1688.com/offer/643055405110.html;40;https://detail.1688.com/offer/606441523832.html;;;;;;;;;;;;;;;;;;;;;;;;;;;;;;;;;;;;;;;;;;;;;;;;;;;;;;;;;;;;;;;;;;;;;;;;;;;;;;;;;;;;;;;;;;;;;;;;;;;;;;;;;;;;;;;;;;
义乌市飞韩饰品有限公司;https://feihan.1688.com;19;1;https://detail.1688.com/offer/619374533898.html;2;https://detail.1688.com/offer/614486666568.html;3;https://detail.1688.com/offer/633216788858.html;4;https://detail.1688.com/offer/633216788858.html;5;https://detail.1688.com/offer/614486666568.html;6;https://detail.1688.com/offer/624479360214.html;7;https://detail.1688.com/offer/619374533898.html;8;https://detail.1688.com/offer/633216788858.html;;;10;https://detail.1688.com/offer/633216788858.html;11;https://detail.1688.com/offer/633216788858.html;12;https://detail.1688.com/offer/573109651280.html;;;14;https://detail.1688.com/offer/614486666568.html;;;16;https://detail.1688.com/offer/632568347575.html;;;;;;;;;;;;;23;https://detail.1688.com/offer/619557750393.html;;;;;;;;;;;29;https://detail.1688.com/offer/626142742343.html;;;31;https://detail.1688.com/offer/642418016966.html;;;;;;;;;;;;;;;;;;;;;;;43;https://detail.1688.com/offer/601230420418.html;44;https://detail.1688.com/offer/654649125700.html;;;;;;;;;;;;;;;;;;;;;;;;;;;;;;;;;;;;;;;;;;;;;;;;;;;;;;;;;;;;;;;;;;;;;;;;;;;;;;;;;;;;;;;;;;;;;;;;;;;;;;;;;;
义乌市蜜舍饰品厂;https://nvshe.1688.com;19;1;https://detail.1688.com/offer/651662279471.html;2;https://detail.1688.com/offer/652311442318.html;3;https://detail.1688.com/offer/599604727997.html;4;https://detail.1688.com/offer/634524441996.html;5;https://detail.1688.com/offer/597483145556.html;6;https://detail.1688.com/offer/590359084629.html;7;https://detail.1688.com/offer/600432328274.html;;;9;https://detail.1688.com/offer/628101059289.html;10;https://detail.1688.com/offer/587566632715.html;11;https://detail.1688.com/offer/592465455383.html;;;13;https://detail.1688.com/offer/597089107012.html;;;15;https://detail.1688.com/offer/624635744166.html;16;https://detail.1688.com/offer/596512705181.html;;;;;;;20;https://detail.1688.com/offer/634456579421.html;;;;;23;https://detail.1688.com/offer/651944921998.html;;;25;https://detail.1688.com/offer/624527127099.html;;;;;;;29;https://detail.1688.com/offer/623927478168.html;30;https://detail.1688.com/offer/557455062702.html;;;;;;;;;;;;;;;;;39;https://detail.1688.com/offer/604826677151.html;;;;;;;;;;;;;;;;;;;;;;;;;;;;;;;;;;;;;;;;;;;;;;;;;;;;;;;;;;;;;;;;;;;;;;;;;;;;;;;;;;;;;;;;;;;;;;;;;;;;;;;;;;;;;;;;;;;;
义乌市梦锦服饰厂;https://mjoy2019.1688.com;18;1;https://detail.1688.com/offer/629123750674.html;2;https://detail.1688.com/offer/629123750674.html;3;https://detail.1688.com/offer/629123750674.html;4;https://detail.1688.com/offer/600642676756.html;5;https://detail.1688.com/offer/629123750674.html;6;https://detail.1688.com/offer/629123750674.html;7;https://detail.1688.com/offer/600875225608.html;;;;;10;https://detail.1688.com/offer/615160604005.html;11;https://detail.1688.com/offer/629123750674.html;;;;;;;;;16;https://detail.1688.com/offer/609751342944.html;;;;;;;20;https://detail.1688.com/offer/626898061293.html;;;;;;;;;25;https://detail.1688.com/offer/615771084878.html;26;https://detail.1688.com/offer/613935656833.html;;;28;https://detail.1688.com/offer/614463274655.html;29;https://detail.1688.com/offer/626678734427.html;30;https://detail.1688.com/offer/613934976970.html;31;https://detail.1688.com/offer/614700015504.html;;;33;https://detail.1688.com/offer/615719961498.html;;;;;;;;;;;;;;;;;;;;;;;;;;;;;;;;;;;;;;;;;;;;;;;;;;;;;;;;;;;;;;;;;;;;;;;;;;;;;;;;;;;;;;;;;;;;;;;;;;;;;;;;;;;;;;;;;;;;;;;;;;;;;;;;
义乌市百萱电子商务商行;https://shop913341y061375.1688.com;18;1;https://detail.1688.com/offer/620647793015.html;2;https://detail.1688.com/offer/620495292942.html;3;https://detail.1688.com/offer/646457569446.html;;;5;https://detail.1688.com/offer/619338489456.html;6;https://detail.1688.com/offer/633309428884.html;7;https://detail.1688.com/offer/633309428884.html;8;https://detail.1688.com/offer/630188664066.html;;;10;https://detail.1688.com/offer/631163950383.html;11;https://detail.1688.com/offer/619595186810.html;;;;;;;;;;;17;https://detail.1688.com/offer/647621462728.html;;;;;20;https://detail.1688.com/offer/619326065105.html;;;;;;;;;25;https://detail.1688.com/offer/619992842696.html;;;;;;;29;https://detail.1688.com/offer/640809358565.html;;;;;;;;;;;;;;;;;;;;;40;https://detail.1688.com/offer/620335460832.html;;;;;;;44;https://detail.1688.com/offer/621270930191.html;;;;;;;;;;;;;51;https://detail.1688.com/offer/620961323710.html;;;;;;;;;;;;;;;59;https://detail.1688.com/offer/638179672895.html;;;;;;;;;;;;;;;;;;;;;;;;;;;;;;;75;https://detail.1688.com/offer/649983939502.html;;;;;;;;;;;;;;;;;;;;;;;;;;;;;;;;;;;;;;;;;;;;
义乌市漂洋饰品有限公司;https://pyshp2003666.1688.com;18;1;https://detail.1688.com/offer/624179723878.html;;;;;;;5;https://detail.1688.com/offer/624179723878.html;;;;;8;https://detail.1688.com/offer/649009005166.html;9;https://detail.1688.com/offer/594870701227.html;;;;;12;https://detail.1688.com/offer/595301871140.html;13;https://detail.1688.com/offer/589025290391.html;;;15;https://detail.1688.com/offer/594724780723.html;;;17;https://detail.1688.com/offer/624179723878.html;18;https://detail.1688.com/offer/616121496325.html;19;https://detail.1688.com/offer/616121496325.html;20;https://detail.1688.com/offer/616121496325.html;21;https://detail.1688.com/offer/616120152586.html;;;;;;;25;https://detail.1688.com/offer/641197450772.html;;;;;28;https://detail.1688.com/offer/588536355936.html;;;;;;;32;https://detail.1688.com/offer/622922132005.html;33;https://detail.1688.com/offer/573321813745.html;34;https://detail.1688.com/offer/575765453068.html;35;https://detail.1688.com/offer/623503686843.html;;;;;;;;;;;;;;;;;;;;;;;;;;;;;;;;;;;;;;;;;;;;;;;;;;;;;;;;;;;;;;;;;;;;;;;;;;;;;;;;;;;;;;;;;;;;;;;;;;;;;;;;;88;https://detail.1688.com/offer/654871136027.html;;;;;;;;;;;;;;;;;;
深圳市欣盛饰品有限公司;https://xinshengzhubao.1688.com;18;1;https://detail.1688.com/offer/620273022254.html;2;https://detail.1688.com/offer/583739983795.html;;;;;5;https://detail.1688.com/offer/583739983795.html;;;7;https://detail.1688.com/offer/620273022254.html;8;https://detail.1688.com/offer/626541962420.html;9;https://detail.1688.com/offer/586240518335.html;;;;;;;;;14;https://detail.1688.com/offer/583739983795.html;15;https://detail.1688.com/offer/584356202626.html;;;17;https://detail.1688.com/offer/609670033598.html;;;;;;;;;;;;;;;;;26;https://detail.1688.com/offer/583739983795.html;;;;;;;;;;;32;https://detail.1688.com/offer/622859234216.html;;;34;https://detail.1688.com/offer/586107549598.html;35;https://detail.1688.com/offer/586240518335.html;36;https://detail.1688.com/offer/620215966559.html;;;;;;;40;https://detail.1688.com/offer/589012005593.html;;;42;https://detail.1688.com/offer/573517037024.html;;;;;;;;;;;;;;;;;;;;;;;;;;;;;;;;;59;https://detail.1688.com/offer/622318584599.html;;;;;;;;;;;;;66;https://detail.1688.com/offer/573262036294.html;;;;;;;;;;;;;;;;;;;;;;;;;;;;;;;;;;;84;https://detail.1688.com/offer/645751345626.html;85;https://detail.1688.com/offer/649215119813.html;;;;;;;;;;;91;https://detail.1688.com/offer/646104682088.html;;;;;;;;;;;;
义乌市慧逸饰品有限公司;https://huiyii.1688.com;17;1;https://detail.1688.com/offer/615583422432.html;2;https://detail.1688.com/offer/583719870051.html;3;https://detail.1688.com/offer/631091718260.html;4;https://detail.1688.com/offer/624885761142.html;5;https://detail.1688.com/offer/615583422432.html;6;https://detail.1688.com/offer/615583422432.html;7;https://detail.1688.com/offer/649185496436.html;;;9;https://detail.1688.com/offer/640774237307.html;10;https://detail.1688.com/offer/609906485455.html;;;;;;;14;https://detail.1688.com/offer/641711910762.html;;;16;https://detail.1688.com/offer/604158109043.html;17;https://detail.1688.com/offer/615583422432.html;;;;;;;21;https://detail.1688.com/offer/651240008571.html;;;;;;;25;https://detail.1688.com/offer/643197559440.html;;;;;;;;;;;;;;;33;https://detail.1688.com/offer/615583422432.html;34;https://detail.1688.com/offer/528523477958.html;35;https://detail.1688.com/offer/610546830941.html;;;;;;;;;;;;;;;;;;;;;;;;;;;;;;;;;;;;;;;;;;;;;;;;;;;;;;;;;;;;;;;;;;;;;;;;;;;;;;;;;;;;;;;;;;;;;;;;;;;85;https://detail.1688.com/offer/652345185249.html;;;;;;;;;;;91;https://detail.1688.com/offer/653930959923.html;;;;;;;;;;;;
义乌市莉韩饰品有限公司;https://lihan2019.1688.com;17;1;https://detail.1688.com/offer/622767180549.html;2;https://detail.1688.com/offer/623630667038.html;;;4;https://detail.1688.com/offer/623627955748.html;5;https://detail.1688.com/offer/623627955748.html;6;https://detail.1688.com/offer/623070185760.html;7;https://detail.1688.com/offer/622767180549.html;8;https://detail.1688.com/offer/652023145919.html;9;https://detail.1688.com/offer/627398078757.html;10;https://detail.1688.com/offer/640019965607.html;;;12;https://detail.1688.com/offer/622768968266.html;;;14;https://detail.1688.com/offer/623627955748.html;;;;;17;https://detail.1688.com/offer/647386462769.html;;;;;;;;;;;23;https://detail.1688.com/offer/645200366996.html;;;;;;;;;;;29;https://detail.1688.com/offer/627398078757.html;;;;;;;;;;;;;;;;;;;;;;;;;;;43;https://detail.1688.com/offer/623351126221.html;44;https://detail.1688.com/offer/655502621689.html;;;;;;;;;;;;;;;;;;;;;;;;;;;;;;;;;;;;;;;;;;;;;;;;;;;;;;;;;;;;;;;;;;;;;;;;;;;;;;;;;;;;;;;;;;;;;;;;;;;;;;;;;;
鄱阳县曲鹏服装店;https://shop027t10b324120.1688.com;16;1;https://detail.1688.com/offer/655860639540.html;2;https://detail.1688.com/offer/649732762167.html;3;https://detail.1688.com/offer/655860639540.html;4;https://detail.1688.com/offer/655860639540.html;5;https://detail.1688.com/offer/655860639540.html;6;https://detail.1688.com/offer/655860639540.html;;;8;https://detail.1688.com/offer/655860639540.html;;;;;11;https://detail.1688.com/offer/655860639540.html;12;https://detail.1688.com/offer/649200637533.html;;;;;;;;;;;;;;;20;https://detail.1688.com/offer/654651028670.html;;;;;;;24;https://detail.1688.com/offer/649012800552.html;;;;;27;https://detail.1688.com/offer/649012800552.html;;;;;;;;;;;33;https://detail.1688.com/offer/655860639540.html;;;;;;;;;;;;;;;;;;;;;;;;;;;;;;;;;;;51;https://detail.1688.com/offer/649804417094.html;;;;;;;;;;;;;;;;;;;;;;;;;;;;;;;;;;;;;;;;;;;;;;;;;;;;;;;;;;;;;;;;;;;;;;;;;;;;;;;;;;;;;;;;;;;;
义乌市歌图电子商务商行;https://shop66054uuy04028.1688.com;16;1;https://detail.1688.com/offer/655753827944.html;2;https://detail.1688.com/offer/653542804597.html;3;https://detail.1688.com/offer/655753827944.html;4;https://detail.1688.com/offer/655885735662.html;5;https://detail.1688.com/offer/655753827944.html;6;https://detail.1688.com/offer/655753827944.html;;;8;https://detail.1688.com/offer/654352542732.html;;;;;11;https://detail.1688.com/offer/655753827944.html;;;;;;;;;;;;;;;;;;;;;22;https://detail.1688.com/offer/653640447010.html;23;https://detail.1688.com/offer/653459258435.html;;;;;;;;;28;https://detail.1688.com/offer/654744984145.html;29;https://detail.1688.com/offer/655159918098.html;;;;;;;33;https://detail.1688.com/offer/655753827944.html;;;;;;;;;;;;;40;https://detail.1688.com/offer/655230070353.html;41;https://detail.1688.com/offer/654741723815.html;;;;;;;;;;;;;;;;;;;;;;;;;;;;;;;;;;;;;;;;;;;;;;;;;;;;;;;;;;;;;;;;;;;;;;;;;;;;;;;;;;;;;;;;;;;;;;;;;;;;;;;;;;;;;;;;
义乌市艾蕾亘特饰品厂;https://shop66h557u133484.1688.com;16;1;https://detail.1688.com/offer/655164629851.html;;;3;https://detail.1688.com/offer/655164629851.html;;;5;https://detail.1688.com/offer/655164629851.html;;;;;;;;;;;11;https://detail.1688.com/offer/655164629851.html;;;;;;;;;;;;;;;19;https://detail.1688.com/offer/654968817964.html;20;https://detail.1688.com/offer/654968817964.html;;;22;https://detail.1688.com/offer/655456079012.html;;;24;https://detail.1688.com/offer/655092683958.html;;;;;;;;;29;https://detail.1688.com/offer/655062754351.html;;;;;32;https://detail.1688.com/offer/653890036863.html;;;;;35;https://detail.1688.com/offer/654687689068.html;36;https://detail.1688.com/offer/654245024270.html;;;;;;;;;;;;;;;;;;;;;;;;;;;;;51;https://detail.1688.com/offer/654086897050.html;52;https://detail.1688.com/offer/655140314224.html;53;https://detail.1688.com/offer/655140314224.html;;;;;56;https://detail.1688.com/offer/655140314224.html;;;;;;;;;;;;;;;;;;;;;;;;;;;;;;;;;;;;;;;;;;;;;;;;;;;;;;;;;;;;;;;;;;;;;;;;;;;;;;;;;;
连城县俪承嗣百货店;https://shop9589592g98965.1688.com;16;1;https://detail.1688.com/offer/654153917124.html;;;3;https://detail.1688.com/offer/654153917124.html;4;https://detail.1688.com/offer/653714324753.html;5;https://detail.1688.com/offer/654153917124.html;6;https://detail.1688.com/offer/654153917124.html;;;8;https://detail.1688.com/offer/654153917124.html;;;10;https://detail.1688.com/offer/654916799452.html;11;https://detail.1688.com/offer/654153917124.html;;;;;;;;;;;;;18;https://detail.1688.com/offer/655128675636.html;;;20;https://detail.1688.com/offer/655128675636.html;;;22;https://detail.1688.com/offer/654528766133.html;23;https://detail.1688.com/offer/654917691303.html;;;;;;;;;;;;;;;;;;;33;https://detail.1688.com/offer/654153917124.html;;;;;;;;;;;;;;;;;;;;;44;https://detail.1688.com/offer/653717168059.html;;;;;;;;;;;;;;;;;;;54;https://detail.1688.com/offer/654436745280.html;;;;;;;;;;;;;;;;;;;;;;;;;;;;;;;;;;;;;73;https://detail.1688.com/offer/655204523185.html;;;;;;;;;;;;;;;;;;;;;;;;;;;;;;;;;;;;;;;;;;;;;;;;
义乌市茵毅电子商务商行;https://shop9157990717066.1688.com;16;1;https://detail.1688.com/offer/649735776165.html;2;https://detail.1688.com/offer/651153761997.html;3;https://detail.1688.com/offer/649735776165.html;4;https://detail.1688.com/offer/649735776165.html;5;https://detail.1688.com/offer/649735776165.html;6;https://detail.1688.com/offer/649735776165.html;;;8;https://detail.1688.com/offer/654183673893.html;;;10;https://detail.1688.com/offer/654183673893.html;11;https://detail.1688.com/offer/649735776165.html;;;;;;;;;;;;;;;;;;;;;22;https://detail.1688.com/offer/654557670709.html;;;;;25;https://detail.1688.com/offer/652897759865.html;;;;;;;;;;;31;https://detail.1688.com/offer/649495860961.html;;;33;https://detail.1688.com/offer/649735776165.html;;;35;https://detail.1688.com/offer/649651364899.html;;;;;;;;;;;;;;;;;;;;;;;;;;;;;;;;;;;;;;;;;;;;;;;;;;;;;;;;;;;;;;;;;;;;;;;;;;;;;;;;;;;;;;;;;;;;;;;;;;;;;;;;;;;;;;;;;;;;;;;;;;;;
新罗区量东暇百货商行;https://shop50x391074y284.1688.com;16;1;https://detail.1688.com/offer/650972641162.html;2;https://detail.1688.com/offer/650972641162.html;3;https://detail.1688.com/offer/650972641162.html;;;5;https://detail.1688.com/offer/650972641162.html;6;https://detail.1688.com/offer/651300630070.html;;;;;;;10;https://detail.1688.com/offer/650972641162.html;;;;;;;;;;;;;17;https://detail.1688.com/offer/650972641162.html;;;19;https://detail.1688.com/offer/654130641182.html;;;;;;;;;24;https://detail.1688.com/offer/650564914010.html;;;26;https://detail.1688.com/offer/654064434922.html;;;;;;;;;;;32;https://detail.1688.com/offer/652117572360.html;33;https://detail.1688.com/offer/653454957375.html;;;;;;;;;;;39;https://detail.1688.com/offer/650811441067.html;40;https://detail.1688.com/offer/653620540543.html;;;;;;;44;https://detail.1688.com/offer/649622312891.html;;;;;;;;;;;;;;;;;;;54;https://detail.1688.com/offer/654052805712.html;;;;;;;;;;;;;;;;;;;;;;;;;;;;;;;;;;;;;;;;;;;;;;;;;;;;;;;;;;;;;;;;;;;;;;;;;91;https://detail.1688.com/offer/647140895918.html;;;;;;;;;;;;
义乌市妍洋饰品有限公司;https://shop10271s8711638.1688.com;16;1;https://detail.1688.com/offer/598728786301.html;;;;;;;5;https://detail.1688.com/offer/654672899128.html;;;;;;;9;https://detail.1688.com/offer/584202714937.html;;;;;12;https://detail.1688.com/offer/598728786301.html;;;;;;;;;;;;;;;;;;;;;23;https://detail.1688.com/offer/616193054624.html;24;https://detail.1688.com/offer/587515415826.html;25;https://detail.1688.com/offer/611973325946.html;;;27;https://detail.1688.com/offer/614576085859.html;28;https://detail.1688.com/offer/574799706957.html;29;https://detail.1688.com/offer/597541103081.html;;;;;32;https://detail.1688.com/offer/581707469824.html;33;https://detail.1688.com/offer/627665088190.html;;;35;https://detail.1688.com/offer/585039737787.html;36;https://detail.1688.com/offer/560530388692.html;;;;;;;40;https://detail.1688.com/offer/599732771204.html;;;;;;;;;;;;;;;;;;;;;;;;;;;;;;;;;;;;;;;;;;;;;;;;;;;;;;;;;;;;;;;;;;;;;;;;;;;;;;;;;;;;;;;;;;;;;;;;;;;;;;;;;;;;;;;;;;
永定区悬历泽百货商行;https://shop8t60825091gv4.1688.com;16;1;https://detail.1688.com/offer/643252796752.html;;;;;;;;;;;;;;;;;;;;;;;;;;;;;;;;;;;;;;;;;;;;;;;;;26;https://detail.1688.com/offer/649877967162.html;;;;;;;;;;;;;;;;;;;;;;;;;;;;;;;;;;;;;;;;;;;;;;;;;;;52;https://detail.1688.com/offer/650733108780.html;53;https://detail.1688.com/offer/651521422502.html;54;https://detail.1688.com/offer/650733108780.html;55;https://detail.1688.com/offer/651521422502.html;;;;;58;https://detail.1688.com/offer/650736896149.html;59;https://detail.1688.com/offer/650734796540.html;60;https://detail.1688.com/offer/651521422502.html;61;https://detail.1688.com/offer/651521422502.html;;;;;;;65;https://detail.1688.com/offer/643268092355.html;;;;;;;;;;;;;;;73;https://detail.1688.com/offer/651522922219.html;;;;;76;https://detail.1688.com/offer/651893183285.html;77;https://detail.1688.com/offer/651893835175.html;;;;;;;;;;;;;;;;;;;;;;;;;;;;;;;;;;;;;;;;
义乌市戴薇贸易有限公司;https://shop26f9701ncj593.1688.com;15;1;https://detail.1688.com/offer/642034754416.html;2;https://detail.1688.com/offer/642359871545.html;3;https://detail.1688.com/offer/642359871545.html;4;https://detail.1688.com/offer/642034754416.html;5;https://detail.1688.com/offer/642034754416.html;6;https://detail.1688.com/offer/642036082215.html;7;https://detail.1688.com/offer/650296042569.html;8;https://detail.1688.com/offer/642034754416.html;;;10;https://detail.1688.com/offer/642034754416.html;;;;;13;https://detail.1688.com/offer/642028390125.html;;;15;https://detail.1688.com/offer/643411917221.html;16;https://detail.1688.com/offer/643861150605.html;;;;;;;;;;;;;;;;;;;;;;;;;;;;;;;32;https://detail.1688.com/offer/642346727799.html;;;;;;;36;https://detail.1688.com/offer/642032770945.html;;;;;;;;;;;;;;;;;;;;;;;;;;;;;;;;;;;;;;;;;;;;;;;;;;;;;;;64;https://detail.1688.com/offer/641315296190.html;;;;;;;;;;;;;;;;;;;;;;;;;;;;;;;;;;;;;;;;;;;;;;;;;;;;;;;;;;;;;;;;;;
义乌市羿辰饰品厂;https://shophancai.1688.com;15;1;https://detail.1688.com/offer/643477773467.html;2;https://detail.1688.com/offer/525024961869.html;3;https://detail.1688.com/offer/599880751831.html;4;https://detail.1688.com/offer/598676409277.html;5;https://detail.1688.com/offer/625942286473.html;;;7;https://detail.1688.com/offer/600883770972.html;8;https://detail.1688.com/offer/559063477065.html;9;https://detail.1688.com/offer/628559734383.html;10;https://detail.1688.com/offer/525026109137.html;11;https://detail.1688.com/offer/594623831927.html;;;13;https://detail.1688.com/offer/598673457574.html;14;https://detail.1688.com/offer/620346340757.html;;;16;https://detail.1688.com/offer/596836177784.html;;;;;;;;;;;;;;;;;25;https://detail.1688.com/offer/610591810912.html;;;;;;;29;https://detail.1688.com/offer/623687913241.html;;;;;;;;;;;;;;;;;;;;;;;;;;;;;;;;;;;;;;;;;;;;;;;;;;;;;;;;;;;;;;;;;;;;;;;;;;;;;;;;;;;;;;;;;;;;;;;;;;;;;;;;;;;;;;;;;;;;;;;;;;;;;;;;;;;;;;;;
义乌市巨欣饰品有限公司;https://juxinsp.1688.com;15;1;https://detail.1688.com/offer/589051800386.html;2;https://detail.1688.com/offer/598628761135.html;3;https://detail.1688.com/offer/589051800386.html;4;https://detail.1688.com/offer/589051800386.html;5;https://detail.1688.com/offer/589051800386.html;6;https://detail.1688.com/offer/589051800386.html;;;8;https://detail.1688.com/offer/589051800386.html;;;10;https://detail.1688.com/offer/589051800386.html;;;;;;;;;15;https://detail.1688.com/offer/609147039766.html;;;17;https://detail.1688.com/offer/589051800386.html;;;;;;;;;22;https://detail.1688.com/offer/584196081208.html;23;https://detail.1688.com/offer/584196081208.html;;;;;;;;;28;https://detail.1688.com/offer/624749115161.html;;;;;;;;;;;34;https://detail.1688.com/offer/540611157276.html;;;;;37;https://detail.1688.com/offer/654183967655.html;;;;;;;;;;;;;;;;;;;;;;;;;;;;;;;;;;;;;;;;;;;;;;;;;;;;;;;;;;;;;;;;;;;;;;;;;;;;;;;;;;;;;;;;;;;;;;;;;;;;;;;;;;;;;;;;;;;;;96;https://detail.1688.com/offer/643254308991.html;;
义乌市美添色电子商务有限公司;https://shop3g466z20449g7.1688.com;15;1;https://detail.1688.com/offer/629470175071.html;;;;;4;https://detail.1688.com/offer/633833929748.html;5;https://detail.1688.com/offer/629466603698.html;6;https://detail.1688.com/offer/628867537922.html;7;https://detail.1688.com/offer/629470175071.html;8;https://detail.1688.com/offer/633833929748.html;;;;;;;12;https://detail.1688.com/offer/629167930898.html;;;14;https://detail.1688.com/offer/628535684048.html;;;16;https://detail.1688.com/offer/633300252492.html;17;https://detail.1688.com/offer/651360265343.html;;;;;;;;;;;23;https://detail.1688.com/offer/650082040830.html;;;;;;;;;;;29;https://detail.1688.com/offer/628866641634.html;;;;;;;;;;;;;;;;;;;;;;;;;;;43;https://detail.1688.com/offer/628867869421.html;44;https://detail.1688.com/offer/629167414566.html;;;;;;;;;;;;;;;;;;;;;;;;;;;;;;;;;;;;;;;;;;;;;;;;;;;;;;;;;;;;;;;;;;;;;;;;;;;;;;;;;;;;;;;;;;;;;;;;;;;;;;;;;;
佛山市禅城区鑫驰哈服装厂;https://shop21142586u9v59.1688.com;15;1;https://detail.1688.com/offer/650109807592.html;2;https://detail.1688.com/offer/641882062394.html;3;https://detail.1688.com/offer/641882062394.html;;;;;;;7;https://detail.1688.com/offer/649678086078.html;8;https://detail.1688.com/offer/641882062394.html;;;;;11;https://detail.1688.com/offer/641882062394.html;;;13;https://detail.1688.com/offer/650041335441.html;;;;;;;;;;;;;;;;;;;23;https://detail.1688.com/offer/650433127154.html;;;;;26;https://detail.1688.com/offer/648974248413.html;;;;;;;;;31;https://detail.1688.com/offer/650248191506.html;;;;;;;;;;;37;https://detail.1688.com/offer/648903840455.html;;;39;https://detail.1688.com/offer/649931102766.html;;;;;42;https://detail.1688.com/offer/641320946611.html;43;https://detail.1688.com/offer/649443609757.html;44;https://detail.1688.com/offer/641054377831.html;;;;;;;;;;;;;;;;;;;;;;;;;;;;;;;;;;;;;;;;;;;;;;;;;;;;;;;;;;;;;;;;;;;;;;;;;;;;;;;;;;;;;;;;;;;;;;;;;;;;;;;;;97;https://detail.1688.com/offer/651499913425.html
义乌乾琦贸易商行;https://shop9636s572l3261.1688.com;15;1;https://detail.1688.com/offer/648168029318.html;2;https://detail.1688.com/offer/648168029318.html;3;https://detail.1688.com/offer/648168029318.html;;;5;https://detail.1688.com/offer/648168029318.html;6;https://detail.1688.com/offer/648168029318.html;;;;;;;10;https://detail.1688.com/offer/648168029318.html;11;https://detail.1688.com/offer/648168029318.html;;;;;;;;;;;;;;;19;https://detail.1688.com/offer/648528038604.html;20;https://detail.1688.com/offer/648528038604.html;21;https://detail.1688.com/offer/648528038604.html;;;;;24;https://detail.1688.com/offer/648887567328.html;;;;;;;;;;;;;;;;;33;https://detail.1688.com/offer/648168029318.html;;;;;;;;;;;;;;;;;;;43;https://detail.1688.com/offer/642495793724.html;;;;;;;;;;;;;;;;;;;;;;;;;;;;;;;;;;;;;;;;;;;;;;;;;;;;;;;;;;;;;;;;;;;;;;;;;;;;;;;;;;;;;;;;;;;;;;;;;;;;;;;;;;;;
义乌市璇涞电子商务商行;https://shop4833v965y1y18.1688.com;15;1;https://detail.1688.com/offer/652540135576.html;;;3;https://detail.1688.com/offer/651215764881.html;;;5;https://detail.1688.com/offer/653043613131.html;;;7;https://detail.1688.com/offer/653043613131.html;;;9;https://detail.1688.com/offer/655292426694.html;;;;;;;;;;;;;16;https://detail.1688.com/offer/650013850327.html;;;;;19;https://detail.1688.com/offer/652762274628.html;20;https://detail.1688.com/offer/652605903858.html;;;22;https://detail.1688.com/offer/652784412050.html;23;https://detail.1688.com/offer/649450917300.html;;;25;https://detail.1688.com/offer/651865730012.html;;;;;;;;;;;31;https://detail.1688.com/offer/651433432857.html;;;;;;;;;;;;;;;;;;;41;https://detail.1688.com/offer/651747728989.html;;;;;;;;;;;;;;;;;;;;;;;;;;;;;;;;;;;;;;;;;;;;;;;;;;;;;;;;;;;;;;;;;;;;;;;;;;;;;;;;;;;;;;;;;;;;;;;;;;;;;;;;;;;;;;;;
义乌市氿乐电子商务商行;https://shop1428511784824.1688.com;14;1;https://detail.1688.com/offer/645616451418.html;2;https://detail.1688.com/offer/645616451418.html;3;https://detail.1688.com/offer/635513710224.html;;;5;https://detail.1688.com/offer/645616451418.html;6;https://detail.1688.com/offer/645616451418.html;7;https://detail.1688.com/offer/635116433784.html;;;9;https://detail.1688.com/offer/625800995766.html;;;;;12;https://detail.1688.com/offer/640146254934.html;;;;;;;;;;;;;;;;;;;;;;;24;https://detail.1688.com/offer/642690722683.html;;;;;;;;;;;;;31;https://detail.1688.com/offer/616128207914.html;;;;;;;;;;;;;;;;;;;;;;;;;44;https://detail.1688.com/offer/642782965950.html;;;46;https://detail.1688.com/offer/634281011305.html;;;;;;;;;;;;;;;;;;;;;;;;;;;;;;;;;;;;;;;;;;;;;;;;;;;;;;;;;75;https://detail.1688.com/offer/626899772368.html;;;;;;;;;;;;;;;;;;;;;;;;;;;;;;;;;;;;;;;;;;;;
义乌市今立服饰有限公司;https://shop0j22u6275i474.1688.com;14;1;https://detail.1688.com/offer/629766662965.html;;;3;https://detail.1688.com/offer/629784474662.html;4;https://detail.1688.com/offer/629766662965.html;5;https://detail.1688.com/offer/629766662965.html;6;https://detail.1688.com/offer/630184467991.html;7;https://detail.1688.com/offer/630184467991.html;8;https://detail.1688.com/offer/629766662965.html;;;10;https://detail.1688.com/offer/629221008250.html;11;https://detail.1688.com/offer/629766662965.html;;;;;;;;;;;;;;;19;https://detail.1688.com/offer/629773190220.html;20;https://detail.1688.com/offer/629773190220.html;;;;;;;;;;;;;;;;;29;https://detail.1688.com/offer/630068315985.html;;;31;https://detail.1688.com/offer/630197471086.html;;;33;https://detail.1688.com/offer/630083679303.html;;;;;;;;;;;;;;;;;;;;;;;;;;;;;;;;;;;;;;;;;;;;;;;;;;;;;;;;;;;;;;;;;;;;;;;;;;;;;;;;;;;;;;;;;;;;;;;;;;;;;;;;;;;;;;;;;;;;;;;;;;;;;;;;
义乌市岚辰饰品有限公司;https://lanchen2018.1688.com;13;1;https://detail.1688.com/offer/651032856385.html;2;https://detail.1688.com/offer/642254775441.html;3;https://detail.1688.com/offer/651962074213.html;;;5;https://detail.1688.com/offer/642254775441.html;6;https://detail.1688.com/offer/651032856385.html;7;https://detail.1688.com/offer/651815406918.html;;;9;https://detail.1688.com/offer/651653485455.html;10;https://detail.1688.com/offer/644300232575.html;11;https://detail.1688.com/offer/651962074213.html;;;;;;;;;;;17;https://detail.1688.com/offer/651962074213.html;;;;;;;;;22;https://detail.1688.com/offer/653828273400.html;;;;;;;26;https://detail.1688.com/offer/652939502371.html;;;;;;;;;31;https://detail.1688.com/offer/642607600420.html;;;;;;;;;;;;;;;;;;;;;;;;;;;;;;;;;;;;;;;;;;;;;;;;;;;;;;;;;;;;;;;;;;;;;;;;;;;;;;;;;;;;;;;;;;;;;;;;;;;;;;;;;;;;;;;;;;;;;;;;;;;;;;;;;;;;
义乌市修婕电子商务商行;https://shop6724b67477210.1688.com;13;1;https://detail.1688.com/offer/654148900417.html;;;3;https://detail.1688.com/offer/654148900417.html;4;https://detail.1688.com/offer/654148900417.html;5;https://detail.1688.com/offer/654148900417.html;;;;;8;https://detail.1688.com/offer/654148900417.html;;;;;11;https://detail.1688.com/offer/654148900417.html;12;https://detail.1688.com/offer/655722246817.html;;;;;;;;;;;;;19;https://detail.1688.com/offer/654876690758.html;20;https://detail.1688.com/offer/654876690758.html;21;https://detail.1688.com/offer/654876690758.html;;;;;;;;;26;https://detail.1688.com/offer/655190953113.html;;;28;https://detail.1688.com/offer/655221686595.html;;;;;;;;;;;;;;;;;;;;;;;;;;;;;;;44;https://detail.1688.com/offer/656037979998.html;;;;;;;;;;;;;;;;;;;;;;;;;;;;;;;;;;;;;;;;;;;;;;;;;;;;;;;;;;;;;;;;;;;;;;;;;;;;;;;;;;;;;;;;;;;;;;;;;;;;;;;;;;
义乌市方婳电子商务商行;https://shop63s8017v65v96.1688.com;13;1;https://detail.1688.com/offer/654068034710.html;;;3;https://detail.1688.com/offer/654068034710.html;4;https://detail.1688.com/offer/654068034710.html;5;https://detail.1688.com/offer/654068034710.html;6;https://detail.1688.com/offer/654068034710.html;;;8;https://detail.1688.com/offer/654068034710.html;9;https://detail.1688.com/offer/652473245255.html;;;11;https://detail.1688.com/offer/654068034710.html;;;;;;;;;;;;;;;;;;;;;22;https://detail.1688.com/offer/653006647286.html;;;;;;;;;;;;;;;;;;;32;https://detail.1688.com/offer/652529152637.html;33;https://detail.1688.com/offer/654068034710.html;;;35;https://detail.1688.com/offer/652529152637.html;;;;;;;;;;;;;;;;;;;;;;;;;;;;;;;;;;;;;;;;;;;;;;;;;;;;;;;;;;;;;;;;;;;;;;;;;;;;;;;;;;;;;;;79;https://detail.1688.com/offer/656124575413.html;;;;;;;;;;;;;;;;;;;;;;;;;;;;;;;;;;;;
石狮市简峰铭悦网络百货商行;https://shop02h77j1661v24.1688.com;13;1;https://detail.1688.com/offer/651030646392.html;2;https://detail.1688.com/offer/650544735968.html;3;https://detail.1688.com/offer/651030646392.html;4;https://detail.1688.com/offer/652601426112.html;5;https://detail.1688.com/offer/651030646392.html;6;https://detail.1688.com/offer/651030646392.html;7;https://detail.1688.com/offer/650012668414.html;8;https://detail.1688.com/offer/652601426112.html;;;10;https://detail.1688.com/offer/652601426112.html;11;https://detail.1688.com/offer/651030646392.html;;;;;;;;;;;;;;;;;20;https://detail.1688.com/offer/650011676529.html;;;;;;;;;;;;;;;;;;;;;31;https://detail.1688.com/offer/650010792943.html;;;33;https://detail.1688.com/offer/651030646392.html;;;;;;;;;;;;;;;;;;;;;;;;;;;;;;;;;;;;;;;;;;;;;;;;;;;;;;;;;;;;;;;;;;;;;;;;;;;;;;;;;;;;;;;;;;;;;;;;;;;;;;;;;;;;;;;;;;;;;;;;;;;;;;;;
余江区汇吉岸贸易商行;https://shop9304242gn1607.1688.com;13;1;https://detail.1688.com/offer/653335551747.html;2;https://detail.1688.com/offer/653335551747.html;3;https://detail.1688.com/offer/653775793263.html;4;https://detail.1688.com/offer/653335551747.html;5;https://detail.1688.com/offer/653335551747.html;;;;;8;https://detail.1688.com/offer/653335551747.html;;;10;https://detail.1688.com/offer/653335551747.html;;;;;;;;;;;;;17;https://detail.1688.com/offer/653335551747.html;18;https://detail.1688.com/offer/653687080628.html;;;;;21;https://detail.1688.com/offer/654423497080.html;;;;;;;;;;;;;;;;;;;;;32;https://detail.1688.com/offer/651207485947.html;;;;;;;;;37;https://detail.1688.com/offer/653205085255.html;;;;;40;https://detail.1688.com/offer/652424359385.html;;;;;;;;;;;;;;;;;;;;;;;;;;;;;;;;;;;;;;;;;;;;;;;;;;;;;;;;;;;;;;;;;;;;;;;;;;;;;;;;;;;;;;;;;;;;;;;;;;;;;;;;;;;;;;;;;;
阚永新;https://ywxcfc.1688.com;13;1;https://detail.1688.com/offer/560462921005.html;2;https://detail.1688.com/offer/534619515266.html;;;;;5;https://detail.1688.com/offer/561477316981.html;6;https://detail.1688.com/offer/560462921005.html;;;;;;;;;11;https://detail.1688.com/offer/560462921005.html;12;https://detail.1688.com/offer/542940032446.html;;;;;;;16;https://detail.1688.com/offer/579780786255.html;17;https://detail.1688.com/offer/583090791790.html;;;;;;;21;https://detail.1688.com/offer/646270153198.html;;;;;;;;;;;;;;;;;;;;;;;33;https://detail.1688.com/offer/40722082927.html;34;https://detail.1688.com/offer/548188864754.html;;;;;37;https://detail.1688.com/offer/556400802246.html;;;;;;;;;;;;;;;;;;;;;;;;;;;;;;;;;;;;;;;;;;;;;;;;;;;;;;;;;;;;;;;69;https://detail.1688.com/offer/549236833478.html;;;;;;;;;;;;;;;;;;;;;;;;;;;;;;;;;;;;;;;;;;;;;;;;;;;;;;;;
鄱阳县迮婷玉五金店;https://shop90y21c4837279.1688.com;13;1;https://detail.1688.com/offer/653196917447.html;;;;;4;https://detail.1688.com/offer/656157395668.html;5;https://detail.1688.com/offer/649815859090.html;6;https://detail.1688.com/offer/656292083698.html;;;;;;;;;;;12;https://detail.1688.com/offer/656292083698.html;;;;;;;;;;;18;https://detail.1688.com/offer/652912026127.html;;;20;https://detail.1688.com/offer/652912026127.html;;;22;https://detail.1688.com/offer/650196054682.html;23;https://detail.1688.com/offer/650196054682.html;;;;;;;;;;;;;;;;;;;;;;;;;;;;;;;;;;;;;42;https://detail.1688.com/offer/656159231226.html;;;44;https://detail.1688.com/offer/649427081172.html;;;;;;;;;;;;;51;https://detail.1688.com/offer/651784731582.html;;;;;;;;;;;;;;;;;;;;;;;;;;;;;;;;;;;;;;;;;;;;;;;;;;;;;;;;;;;;;;;;;;;;;;;;;;;;;;;;;;;;;;;;;;;;
柘荣县角词日用品经营部;https://shop1g709u1661548.1688.com;13;1;https://detail.1688.com/offer/651789628725.html;;;;;;;;;;;;;;;9;https://detail.1688.com/offer/651058109847.html;;;;;;;;;;;;;;;;;18;https://detail.1688.com/offer/649504268414.html;;;20;https://detail.1688.com/offer/646216212860.html;;;;;;;;;;;;;;;;;;;;;;;;;;;;;;;;;;;;;;;;;;;42;https://detail.1688.com/offer/645664148320.html;;;;;;;;;;;;;;;;;51;https://detail.1688.com/offer/650265780284.html;52;https://detail.1688.com/offer/651495041640.html;53;https://detail.1688.com/offer/644824000384.html;;;;;;;57;https://detail.1688.com/offer/651495041640.html;;;;;;;61;https://detail.1688.com/offer/644824000384.html;;;;;;;65;https://detail.1688.com/offer/652812113789.html;;;;;;;;;70;https://detail.1688.com/offer/650992017300.html;71;https://detail.1688.com/offer/647074757294.html;;;;;;;;;;;;;;;;;;;;;;;;;;;;;;;;;;;;;;;;;;;;;;;;;;;;
余江区广度电子商务商行;https://shop0867n0w2z7115.1688.com;13;15;https://detail.1688.com/offer/653312579522.html;16;https://detail.1688.com/offer/652092425575.html;;;18;https://detail.1688.com/offer/654680259407.html;;;;;21;https://detail.1688.com/offer/653104008244.html;22;https://detail.1688.com/offer/652960772228.html;23;https://detail.1688.com/offer/652960772228.html;24;https://detail.1688.com/offer/652928487496.html;;;;;27;https://detail.1688.com/offer/653925837218.html;;;;;;;;;;;;;;;;;;;;;;;39;https://detail.1688.com/offer/652381782813.html;40;https://detail.1688.com/offer/652782418951.html;41;https://detail.1688.com/offer/650258489263.html;;;;;44;https://detail.1688.com/offer/654067085192.html;;;;;;;;;;;;;51;https://detail.1688.com/offer/651406622687.html;;;;;;;;;;;;;;;;;;;;;;;;;;;;;;;;;;;;;;;;;;;;;;;;;;;;;;;;;;;;;;;;;;;;;;;;;;;;;;;;;;;;;;;;;;;;;;;;;;;;;;;;;;;;;;;;;;;;;;;;
浦江县韩之尚电子商务有限公司;https://hanzhishang.1688.com;13;31;https://detail.1688.com/offer/607830379434.html;32;https://detail.1688.com/offer/617773929063.html;;;;;35;https://detail.1688.com/offer/635855041988.html;;;;;;;;;;;;;;;;;;;;;46;https://detail.1688.com/offer/655092939371.html;;;;;;;;;;;;;;;;;;;;;;;;;;;;;;;;;;;;;;;;;;;68;https://detail.1688.com/offer/630614978803.html;;;;;;;;;;;;;;;;;;;;;79;https://detail.1688.com/offer/596371425058.html;;;81;https://detail.1688.com/offer/588700042465.html;;;83;https://detail.1688.com/offer/579001695893.html;84;https://detail.1688.com/offer/639888786956.html;85;https://detail.1688.com/offer/588628669279.html;;;;;;;;;;;;;92;https://detail.1688.com/offer/579324015434.html;93;https://detail.1688.com/offer/593681224122.html;;;;;;;97;https://detail.1688.com/offer/642566963671.html;;;;;;;;;;;;;;;;;;;;;;;;;;;;;;;;;;;;;;;;;;;;;;;;;;;;;;;;;;;;
义乌市心喜贸易有限公司;https://yiwuxinxi.1688.com;12;1;https://detail.1688.com/offer/646110262934.html;;;3;https://detail.1688.com/offer/655307354382.html;;;5;https://detail.1688.com/offer/646110262934.html;6;https://detail.1688.com/offer/646110262934.html;;;;;;;10;https://detail.1688.com/offer/651152463382.html;11;https://detail.1688.com/offer/645067979692.html;;;;;;;;;16;https://detail.1688.com/offer/655767615102.html;;;;;;;;;;;;;23;https://detail.1688.com/offer/654494260715.html;;;25;https://detail.1688.com/offer/645170918687.html;;;;;;;;;;;;;;;;;;;35;https://detail.1688.com/offer/650036668167.html;;;;;;;39;https://detail.1688.com/offer/654151549798.html;40;https://detail.1688.com/offer/644330638753.html;;;;;;;;;;;;;;;;;;;;;;;;;;;;;;;;;;;;;;;;;;;;;;;;;;;;;;;;;;;;;;;;;;;;;;;;;;;;;;;;;;;;;;;;;;;;;;;;;;;;;;;;;;;;;;;;;;
义乌市和鸣饰品有限公司;https://shop36mm85665l864.1688.com;12;1;https://detail.1688.com/offer/624358198120.html;2;https://detail.1688.com/offer/624358198120.html;3;https://detail.1688.com/offer/624358198120.html;4;https://detail.1688.com/offer/624358198120.html;5;https://detail.1688.com/offer/624358198120.html;6;https://detail.1688.com/offer/623766729232.html;7;https://detail.1688.com/offer/625949958419.html;;;;;;;11;https://detail.1688.com/offer/624358198120.html;;;;;;;;;;;;;;;;;;;;;;;;;;;;;;;;;;;29;https://detail.1688.com/offer/613413120417.html;;;;;;;;;;;;;;;;;;;;;;;;;;;;;44;https://detail.1688.com/offer/608813765189.html;;;46;https://detail.1688.com/offer/616492230412.html;;;;;;;;;;;;;;;;;;;;;;;;;;;;;;;;;;;;;;;;;;;;;;;;;;;;;;;;;75;https://detail.1688.com/offer/642121433908.html;;;;;;;;;;;;;;;;;;;;;;;;;;;;;;;;;;;;;;;;;;;;
广州泰洁康贸易商行;https://shop71ey303429494.1688.com;12;1;https://detail.1688.com/offer/648443700877.html;;;3;https://detail.1688.com/offer/648443700877.html;4;https://detail.1688.com/offer/648443700877.html;5;https://detail.1688.com/offer/648443700877.html;6;https://detail.1688.com/offer/648443700877.html;;;;;;;;;11;https://detail.1688.com/offer/648443700877.html;;;;;;;;;;;;;;;;;;;;;;;;;;;;;;;;;;;;;;;;;;;33;https://detail.1688.com/offer/648443700877.html;34;https://detail.1688.com/offer/655478169577.html;;;;;;;;;;;;;;;;;;;;;;;;;;;;;;;;;;;52;https://detail.1688.com/offer/649228434132.html;53;https://detail.1688.com/offer/649228434132.html;;;55;https://detail.1688.com/offer/649228434132.html;;;;;;;;;;;;;;;;;;;;;;;;;;;;;;;;;;;;;;;75;https://detail.1688.com/offer/648855769524.html;;;;;;;;;;;;;;;;;;;;;;;;;;;;;;;;;;;;;;;;;;;;
余江区达祥经营部;https://shop11090a38112a5.1688.com;12;1;https://detail.1688.com/offer/652661870196.html;;;3;https://detail.1688.com/offer/652661870196.html;4;https://detail.1688.com/offer/652875943582.html;5;https://detail.1688.com/offer/652661870196.html;6;https://detail.1688.com/offer/652661870196.html;;;8;https://detail.1688.com/offer/652661870196.html;;;;;11;https://detail.1688.com/offer/652491711861.html;12;https://detail.1688.com/offer/652287377948.html;;;;;;;;;;;;;;;;;;;;;;;;;;;;;;;;;29;https://detail.1688.com/offer/652484294725.html;;;31;https://detail.1688.com/offer/652496295182.html;;;;;;;;;;;;;;;;;;;;;;;43;https://detail.1688.com/offer/653710702951.html;;;;;;;;;;;;;;;;;;;;;;;;;;;;;;;;;;;;;;;;;;;;;;;;;;;;;;;;;;;;;;;;;;;;;;;;;;;;;;;;;;;;;;;;;;;;;;;;;;;;;;;;;;;;
柘荣县楷豹日用品经营部;https://shop909433314wp50.1688.com;12;1;https://detail.1688.com/offer/645855053240.html;;;;;4;https://detail.1688.com/offer/648596223819.html;5;https://detail.1688.com/offer/653090523170.html;;;;;;;;;;;11;https://detail.1688.com/offer/645422585267.html;;;;;14;https://detail.1688.com/offer/651650066061.html;;;;;;;;;;;;;;;;;;;24;https://detail.1688.com/offer/645854933187.html;;;;;;;;;;;;;;;32;https://detail.1688.com/offer/649157937441.html;;;;;;;;;;;;;;;;;;;;;;;;;;;;;;;;;;;;;51;https://detail.1688.com/offer/646965293331.html;;;;;;;;;;;;;;;;;60;https://detail.1688.com/offer/648519549220.html;;;;;;;;;;;;;;;;;;;;;71;https://detail.1688.com/offer/646772866686.html;;;;;;;;;;;;;;;;;;;;;;;;;;;;;;;;;;;;;;;;;;;;;;;;;;;;
义乌市潮炫饰品有限公司;https://shop84o303987q378.1688.com;12;1;https://detail.1688.com/offer/627621674162.html;2;https://detail.1688.com/offer/608445946435.html;3;https://detail.1688.com/offer/608445946435.html;4;https://detail.1688.com/offer/608351572246.html;;;;;7;https://detail.1688.com/offer/630215241569.html;;;9;https://detail.1688.com/offer/608574259325.html;;;11;https://detail.1688.com/offer/607825375454.html;;;;;;;;;16;https://detail.1688.com/offer/631634403598.html;;;;;;;;;;;;;;;;;;;;;27;https://detail.1688.com/offer/654796865934.html;;;;;;;;;32;https://detail.1688.com/offer/620664082489.html;;;;;35;https://detail.1688.com/offer/654116430524.html;;;37;https://detail.1688.com/offer/655172334320.html;;;;;;;;;;;;;;;;;;;;;;;;;;;;;;;;;;;;;;;;;;;;;;;;;;;;;;;;;;;;;;;;;;;;;;;;;;;;;;;;;;;;;;;;;;;;;;;;;;;;;;;;;;;;;;;;;;;;;;;;
张升平;https://duojiaoyan.1688.com;12;1;https://detail.1688.com/offer/593659229928.html;;;;;;;;;;;;;;;;;;;;;;;;;;;;;;;;;;;;;20;https://detail.1688.com/offer/625676181061.html;;;;;;;;;;;;;;;;;;;;;;;32;https://detail.1688.com/offer/616896343012.html;33;https://detail.1688.com/offer/621883149821.html;;;;;;;;;;;;;;;;;;;;;;;;;;;;;;;;;;;;;52;https://detail.1688.com/offer/565282114962.html;53;https://detail.1688.com/offer/645856249375.html;;;55;https://detail.1688.com/offer/565363567468.html;56;https://detail.1688.com/offer/565209225938.html;57;https://detail.1688.com/offer/643766618961.html;;;59;https://detail.1688.com/offer/565366663525.html;60;https://detail.1688.com/offer/612753241934.html;61;https://detail.1688.com/offer/565363567468.html;;;;;;;;;;;;;;;;;;;;;;;;;;;;;;;;;;;;;;;;;;;;;;;85;https://detail.1688.com/offer/633516143447.html;;;;;;;;;;;;;;;;;;;;;;;;
丰泽区偏漫百货网店;https://shop22y641320u168.1688.com;12;1;https://detail.1688.com/offer/653139071384.html;;;3;https://detail.1688.com/offer/653058603035.html;4;https://detail.1688.com/offer/654062955315.html;5;https://detail.1688.com/offer/654062955315.html;6;https://detail.1688.com/offer/653139071384.html;;;8;https://detail.1688.com/offer/652311601488.html;;;10;https://detail.1688.com/offer/652311601488.html;;;;;;;;;;;;;17;https://detail.1688.com/offer/654062955315.html;;;19;https://detail.1688.com/offer/654867575954.html;20;https://detail.1688.com/offer/654867575954.html;;;;;;;;;;;;;;;;;;;;;;;;;;;34;https://detail.1688.com/offer/651646880202.html;;;;;;;;;;;;;;;;;;;;;;;;;;;;;;;;;;;;;;;;;;;;;;;;;;;;;;;;;;;;;;;;;;;;;;;;;;;;;;;;;;;;;77;https://detail.1688.com/offer/653056159425.html;;;;;;;;;;;;;;;;;;;;;;;;;;;;;;;;;;;;;;;;
义乌市蓝淘饰品有限公司;https://longpingershipin.1688.com;12;1;https://detail.1688.com/offer/605039973925.html;;;;;;;;;;;;;;;;;;;;;;;;;;;;;;;;;;;;;;;;;;;;;;;;;;;;;;;;;;;;;;;;;;;;;;;;;;;;;;;;;;;;;;;;;46;https://detail.1688.com/offer/639210318199.html;;;;;;;;;;;;;;;;;;;;;;;;;;;;;;;;;;;;;;;66;https://detail.1688.com/offer/592982890763.html;67;https://detail.1688.com/offer/592982890763.html;;;;;;;;;;;73;https://detail.1688.com/offer/521874330939.html;;;;;;;;;;;79;https://detail.1688.com/offer/600654662934.html;;;;;;;;;;;;;;;;;;;;;;;;;;;;;;;;;;;;
万载县宾兴日用品商行;https://shop13504162r9251.1688.com;12;15;https://detail.1688.com/offer/652657910045.html;16;https://detail.1688.com/offer/651207598960.html;;;;;;;20;https://detail.1688.com/offer/652465700577.html;;;;;;;24;https://detail.1688.com/offer/650612533926.html;;;;;;;;;;;;;;;;;;;;;;;;;;;;;39;https://detail.1688.com/offer/651122858129.html;;;;;;;43;https://detail.1688.com/offer/652706582502.html;;;;;;;;;;;;;;;;;;;;;54;https://detail.1688.com/offer/650939967236.html;55;https://detail.1688.com/offer/651454212817.html;56;https://detail.1688.com/offer/650939967236.html;;;;;;;;;61;https://detail.1688.com/offer/651454212817.html;;;;;;;;;;;;;;;;;70;https://detail.1688.com/offer/649793920134.html;71;https://detail.1688.com/offer/649793920134.html;;;;;;;;;;;;;;;;;;;;;;;;;;;;;;;;;;;;;;;;;;;;;;;;;;;;;;;;;;;;;;;;;;;;;;;;;;;;;;;;
广州市越秀区小雀斑饰品商行;https://shop8149r7727zr09.1688.com;11;1;https://detail.1688.com/offer/640602368188.html;;;;;;;5;https://detail.1688.com/offer/640602368188.html;;;7;https://detail.1688.com/offer/640602368188.html;;;;;;;;;;;13;https://detail.1688.com/offer/640969093745.html;;;15;https://detail.1688.com/offer/640600332206.html;16;https://detail.1688.com/offer/641656455055.html;;;;;;;;;;;;;;;;;;;;;;;;;;;;;31;https://detail.1688.com/offer/640399258609.html;;;;;;;;;;;37;https://detail.1688.com/offer/640602368188.html;;;;;40;https://detail.1688.com/offer/640594972919.html;;;42;https://detail.1688.com/offer/640603492760.html;43;https://detail.1688.com/offer/641646391675.html;;;;;;;;;;;;;;;;;;;;;;;;;;;;;;;;;;;;;;;;;;;;;;;;;;;;;;;;;;;;;;;;;;;;;;;;;;;;;;;;;;;;;;;;;;;;;;;;;;;;;;;;;;;;
义乌市冀岗电子商务商行;https://shop2634710758b57.1688.com;11;1;https://detail.1688.com/offer/653251019207.html;;;;;;;;;;;;;;;;;;;;;12;https://detail.1688.com/offer/653182162987.html;;;14;https://detail.1688.com/offer/652552950819.html;;;;;17;https://detail.1688.com/offer/653251019207.html;18;https://detail.1688.com/offer/652397651725.html;19;https://detail.1688.com/offer/652397651725.html;20;https://detail.1688.com/offer/652397651725.html;;;;;;;;;;;;;;;;;;;;;;;;;;;;;;;;;;;;;;;;;;;;;;;;;;;;;;;;;;;;;;;;;;;54;https://detail.1688.com/offer/653479829413.html;;;56;https://detail.1688.com/offer/653479829413.html;;;;;;;;;;;;;;;;;;;;;;;;;;;70;https://detail.1688.com/offer/653486419408.html;;;;;;;;;;;;;;;;;;;;;;;;;;;;;;;;;;;;;;;;;;;;;;;;;;;;;;
万载县倩芬日用品经营部;https://shop16098660k2b66.1688.com;11;1;https://detail.1688.com/offer/652268241127.html;;;;;;;;;;;;;;;;;;;;;;;;;;;;;;;17;https://detail.1688.com/offer/652714427038.html;;;;;;;;;;;;;;;;;;;;;;;;;;;31;https://detail.1688.com/offer/651214237184.html;;;;;;;;;;;;;38;https://detail.1688.com/offer/652332294196.html;39;https://detail.1688.com/offer/650795176186.html;;;;;;;;;;;;;;;;;;;;;;;;;52;https://detail.1688.com/offer/654793412688.html;53;https://detail.1688.com/offer/650329846505.html;54;https://detail.1688.com/offer/654793412688.html;;;;;;;;;;;;;61;https://detail.1688.com/offer/650329846505.html;62;https://detail.1688.com/offer/655316631003.html;;;;;;;;;;;;;;;;;;;;;;;;;;;;;;;;;;;;;;;;;;;;;;;;;;;;;;;;;;;;;;;;;;;;;;
余江区琪熙经营部;https://shop413c42b242259.1688.com;11;1;https://detail.1688.com/offer/654954689235.html;;;;;4;https://detail.1688.com/offer/655032438447.html;;;;;;;;;;;;;;;;;;;;;;;;;;;;;19;https://detail.1688.com/offer/652223372049.html;;;;;;;;;;;;;;;;;;;;;;;;;;;;;;;;;;;;;;;;;;;;;42;https://detail.1688.com/offer/652970966949.html;;;44;https://detail.1688.com/offer/654763363559.html;;;46;https://detail.1688.com/offer/654929096465.html;;;;;;;;;;;52;https://detail.1688.com/offer/653998201641.html;53;https://detail.1688.com/offer/653998201641.html;54;https://detail.1688.com/offer/654168059465.html;;;56;https://detail.1688.com/offer/654168059465.html;;;;;;;60;https://detail.1688.com/offer/654514971768.html;;;;;;;;;;;;;;;;;;;;;;;;;;;;;;;;;;;;;;;;;;;;;;;;;;;;;;;;;;;;;;;;;;;;;;;;;;
义乌海生饰品有限公司;https://shop6213044x3p442.1688.com;11;1;https://detail.1688.com/offer/606880623138.html;2;https://detail.1688.com/offer/620537235769.html;;;4;https://detail.1688.com/offer/628977196136.html;5;https://detail.1688.com/offer/620537235769.html;6;https://detail.1688.com/offer/620537235769.html;;;8;https://detail.1688.com/offer/628977196136.html;;;;;;;;;;;;;;;;;;;;;;;;;;;;;;;;;;;;;;;;;;;;;;;;;33;https://detail.1688.com/offer/620537235769.html;;;;;;;;;;;;;;;;;;;;;;;;;;;;;;;;;;;;;52;https://detail.1688.com/offer/647880271015.html;;;;;55;https://detail.1688.com/offer/625191313485.html;;;;;;;;;60;https://detail.1688.com/offer/640765289033.html;;;;;;;;;;;;;;;;;;;;;;;;;;;;;;;76;https://detail.1688.com/offer/653026038036.html;;;;;;;;;;;;;;;;;;;;;;;;;;;;;;;;;;;;;;;;;;
漳州开发区淌联服装店;https://shop70791681x3043.1688.com;11;1;https://detail.1688.com/offer/653348737778.html;;;;;4;https://detail.1688.com/offer/654019331103.html;5;https://detail.1688.com/offer/654019331103.html;6;https://detail.1688.com/offer/654019331103.html;;;8;https://detail.1688.com/offer/654019331103.html;;;;;;;;;;;;;;;;;;;;;;;;;;;;;;;24;https://detail.1688.com/offer/654081072819.html;;;;;;;;;29;https://detail.1688.com/offer/649724782169.html;;;31;https://detail.1688.com/offer/653631022961.html;32;https://detail.1688.com/offer/648320021398.html;;;;;;;;;;;;;;;40;https://detail.1688.com/offer/649287957590.html;;;;;43;https://detail.1688.com/offer/649645158957.html;;;;;;;;;;;;;;;;;;;;;;;;;;;;;;;;;;;;;;;;;;;;;;;;;;;;;;;;;;;;;;;;;;;;;;;;;;;;;;;;;;;;;;;;;;;;;;;;;;;;;;;;;;;;
义乌秀格饰品有限公司;https://shop1w2122s50p506.1688.com;11;1;https://detail.1688.com/offer/621487155352.html;2;https://detail.1688.com/offer/621487155352.html;3;https://detail.1688.com/offer/639010324336.html;4;https://detail.1688.com/offer/628977856856.html;5;https://detail.1688.com/offer/621487155352.html;6;https://detail.1688.com/offer/621487155352.html;;;8;https://detail.1688.com/offer/628977856856.html;;;10;https://detail.1688.com/offer/639010324336.html;;;;;;;;;;;;;;;;;;;;;;;;;23;https://detail.1688.com/offer/641325678891.html;;;25;https://detail.1688.com/offer/645933574529.html;;;;;;;;;;;;;;;33;https://detail.1688.com/offer/621487155352.html;;;;;;;;;;;;;;;;;;;;;;;;;;;;;;;;;;;;;;;;;;;;;;;;;;;;;;;;;;;;;;;;;;;;;;;;;;;;;;;;;;;;;;;;;;;;;;;;;;;;;;;;;;;;;;;;;;;;;;;;;;;;;;;;
义乌市蕾雅饰品有限公司;https://leiyashipin.1688.com;11;1;https://detail.1688.com/offer/606898894039.html;2;https://detail.1688.com/offer/609453680363.html;;;4;https://detail.1688.com/offer/615553026269.html;5;https://detail.1688.com/offer/629265473568.html;6;https://detail.1688.com/offer/606898894039.html;7;https://detail.1688.com/offer/622044562472.html;8;https://detail.1688.com/offer/615553026269.html;;;;;11;https://detail.1688.com/offer/606898894039.html;;;;;;;;;16;https://detail.1688.com/offer/615105777326.html;17;https://detail.1688.com/offer/606898894039.html;;;;;;;;;;;;;;;;;;;;;;;;;;;;;;;;;;;;;;;;;;;39;https://detail.1688.com/offer/624694636034.html;;;;;;;;;;;;;;;;;;;;;;;;;;;;;;;;;;;;;;;;;;;;;;;;;;;;;;;;;;;;;;;;;;;;;;;;;;;;;;;;;;;;;;;;;;;;;;;;;;;;;;;;;;;;;;;;;;;;
义乌市沃土电子商务有限公司;https://ywwotu.1688.com;11;1;https://detail.1688.com/offer/641023229802.html;2;https://detail.1688.com/offer/641023229802.html;3;https://detail.1688.com/offer/641023229802.html;;;5;https://detail.1688.com/offer/641023229802.html;;;;;;;;;;;;;;;;;;;;;16;https://detail.1688.com/offer/541900693923.html;17;https://detail.1688.com/offer/641023229802.html;;;19;https://detail.1688.com/offer/557784507931.html;;;;;;;;;;;25;https://detail.1688.com/offer/591594348475.html;;;;;;;;;;;;;;;;;;;;;;;;;;;;;;;;;42;https://detail.1688.com/offer/607135804588.html;;;44;https://detail.1688.com/offer/1163961800.html;;;;;;;;;;;;;;;;;;;;;;;;;;;;;;;;;;;;;;;;;;;;;;;;;;;;;;;;;;;;;75;https://detail.1688.com/offer/607135804588.html;;;;;;;;;;;;;;;;;;;;;;;;;;;;;;;91;https://detail.1688.com/offer/653283888108.html;;;;;;;;;;;;
石狮市简峰世控网络百货商行;https://shop16t64v339n381.1688.com;11;1;https://detail.1688.com/offer/653023121465.html;2;https://detail.1688.com/offer/653023121465.html;;;4;https://detail.1688.com/offer/652736679831.html;5;https://detail.1688.com/offer/653023121465.html;;;;;8;https://detail.1688.com/offer/652736679831.html;;;10;https://detail.1688.com/offer/652736679831.html;;;;;;;;;;;;;17;https://detail.1688.com/offer/653023121465.html;;;19;https://detail.1688.com/offer/651981286745.html;;;;;;;;;;;;;;;;;;;29;https://detail.1688.com/offer/653485862758.html;30;https://detail.1688.com/offer/652581832403.html;;;;;;;;;;;;;;;;;;;;;;;;;;;;;;;;;;;;;;;;;;;;;;;;;;;;;;;;;;;;;;;;;;;;;;;;;;;;;;;;;;;;;;;;;;;76;https://detail.1688.com/offer/653398554875.html;;;;;;;;;;;;;;;;;;;;;;;;;;;;;;;;;;;;;;;;;;
义乌市雪岳电子商务商行;https://wise678.1688.com;11;46;https://detail.1688.com/offer/43250089570.html;;;;;;;;;;;;;;;;;;;;;;;;;;;;;;;62;https://detail.1688.com/offer/528243193210.html;;;;;;;66;https://detail.1688.com/offer/597836309145.html;67;https://detail.1688.com/offer/583993611086.html;;;69;https://detail.1688.com/offer/554541497415.html;;;;;;;;;74;https://detail.1688.com/offer/563030129782.html;;;;;;;;;;;;;81;https://detail.1688.com/offer/595936809527.html;;;;;;;;;;;;;;;;;90;https://detail.1688.com/offer/624866122343.html;91;https://detail.1688.com/offer/542229401603.html;;;93;https://detail.1688.com/offer/642483655897.html;;;;;;;97;https://detail.1688.com/offer/642487483022.html;;;;;;;;;;;;;;;;;;;;;;;;;;;;;;;;;;;;;;;;;;;;;;;;;;;;;;;;;;;;;;;;;;;;;;;;;;;;;;;;;;;;;;;;;;
九江千贝科技有限公司;https://shop20x2450d96690.1688.com;11;66;https://detail.1688.com/offer/608289488934.html;67;https://detail.1688.com/offer/608289488934.html;68;https://detail.1688.com/offer/608041919561.html;69;https://detail.1688.com/offer/608485191579.html;;;;;;;;;;;;;;;;;78;https://detail.1688.com/offer/606557552363.html;79;https://detail.1688.com/offer/607555242309.html;;;81;https://detail.1688.com/offer/607078832882.html;82;https://detail.1688.com/offer/601438060374.html;;;;;85;https://detail.1688.com/offer/607682131405.html;;;;;;;;;;;91;https://detail.1688.com/offer/616566148683.html;92;https://detail.1688.com/offer/614247975112.html;;;;;;;;;;;;;;;;;;;;;;;;;;;;;;;;;;;;;;;;;;;;;;;;;;;;;;;;;;;;;;;;;;;;;;;;;;;;;;;;;;;;;;;;;;;;;;;;;;;;;;;;;;;;;;;;;;;;;;;;;;;;;;;;;;;;;;;;;;;;
义乌市暖铭电子商务有限公司;https://shop87n311x537n24.1688.com;10;1;https://detail.1688.com/offer/605034248123.html;;;;;;;5;https://detail.1688.com/offer/605034248123.html;6;https://detail.1688.com/offer/605034248123.html;;;;;9;https://detail.1688.com/offer/633703834843.html;;;;;;;13;https://detail.1688.com/offer/601193751541.html;;;;;;;;;;;;;;;;;;;;;24;https://detail.1688.com/offer/623742582287.html;;;;;27;https://detail.1688.com/offer/643279871778.html;;;;;;;;;;;;;;;;;;;;;;;;;;;;;;;;;44;https://detail.1688.com/offer/609254371907.html;;;;;;;;;;;;;51;https://detail.1688.com/offer/610299620113.html;;;;;;;;;;;;;;;;;;;;;62;https://detail.1688.com/offer/623639202731.html;;;;;;;;;;;;;;;;;;;;;;;;;;;;;;;;;;;;;;;;;;;;;;;;;;;;;;;;;;;;;;;;;;;;;;
义乌市席席饰品有限公司;https://shop5p28572787731.1688.com;10;1;https://detail.1688.com/offer/634737679080.html;;;;;4;https://detail.1688.com/offer/634737679080.html;5;https://detail.1688.com/offer/634737679080.html;6;https://detail.1688.com/offer/636197826626.html;;;8;https://detail.1688.com/offer/634737679080.html;9;https://detail.1688.com/offer/634732759572.html;10;https://detail.1688.com/offer/634737679080.html;;;;;;;;;;;;;;;;;;;;;;;;;;;;;;;;;;;;;;;;;;;32;https://detail.1688.com/offer/634732759572.html;;;34;https://detail.1688.com/offer/633747184087.html;;;36;https://detail.1688.com/offer/633747184087.html;;;;;;;;;;;;;;;;;;;;;;;;;;;;;;;;;;;;;;;;;;;;;;;;;;;;;;;;;;;;;;;;;;;;;;;;;;;;;;;;;;;;;;;;;;;;;;;;;;;;;;;;;;;;;;;;;;;;;;;;;;
义乌市赞烨电子商务商行;https://shop1439398383973.1688.com;10;1;https://detail.1688.com/offer/560434503659.html;;;3;https://detail.1688.com/offer/632584902377.html;4;https://detail.1688.com/offer/628976444525.html;5;https://detail.1688.com/offer/560836701978.html;6;https://detail.1688.com/offer/560836701978.html;;;;;9;https://detail.1688.com/offer/606539800520.html;10;https://detail.1688.com/offer/628976444525.html;;;12;https://detail.1688.com/offer/560434503659.html;;;;;;;;;;;;;;;;;;;;;;;;;;;;;;;;;;;;;;;;;33;https://detail.1688.com/offer/560434503659.html;;;35;https://detail.1688.com/offer/606539800520.html;;;;;;;;;;;;;;;;;;;;;;;;;;;;;;;;;;;;;;;;;;;;;;;;;;;;;;;;;;;;;;;;;;;;;;;;;;;;;;;;;;;;;;;;;;;;;;;;;;;;;;;;;;;;;;;;;;;;;;;;;;;;
丰泽区免按百货网店;https://shop721t745995a26.1688.com;10;1;https://detail.1688.com/offer/652611362677.html;;;3;https://detail.1688.com/offer/652611362677.html;4;https://detail.1688.com/offer/652611362677.html;5;https://detail.1688.com/offer/652611362677.html;6;https://detail.1688.com/offer/652611362677.html;;;8;https://detail.1688.com/offer/652611362677.html;;;;;;;;;;;;;;;;;;;;;;;20;https://detail.1688.com/offer/651566908146.html;21;https://detail.1688.com/offer/656041718951.html;;;;;;;;;;;;;;;;;;;;;;;33;https://detail.1688.com/offer/652611362677.html;;;;;;;;;;;39;https://detail.1688.com/offer/653779971698.html;;;;;;;;;;;;;;;;;;;;;;;;;;;;;;;;;;;;;;;;;;;;;;;;;;;;;;;;;;;;;;;;;;;;;;;;;;;;;;;;;;;;;;;;;;;;;;;;;;;;;;;;;;;;;;;;;;;;
义乌市凯亚饰品有限公司;https://kaiya598.1688.com;10;1;https://detail.1688.com/offer/641977886158.html;;;3;https://detail.1688.com/offer/641977886158.html;;;5;https://detail.1688.com/offer/641977886158.html;6;https://detail.1688.com/offer/641977886158.html;;;;;;;;;;;;;;;14;https://detail.1688.com/offer/641977886158.html;;;;;17;https://detail.1688.com/offer/641977886158.html;;;;;;;;;;;;;;;;;;;;;;;;;;;;;;;;;;;;;;;37;https://detail.1688.com/offer/641977886158.html;;;;;;;;;;;;;;;;;46;https://detail.1688.com/offer/646353313936.html;;;;;;;;;;;;;;;;;;;;;;;;;;;;;;;;;;;;;;;;;;;68;https://detail.1688.com/offer/636917179724.html;;;;;;;;;;;;;;;;;;;;;;;;;;;;;;;;;;;;;;;;;;;;;;;;;;;;;;;;;;
义乌市喀丹电子商务商行;https://shop8703pf679k192.1688.com;10;1;https://detail.1688.com/offer/652775154283.html;;;;;4;https://detail.1688.com/offer/651975700456.html;;;6;https://detail.1688.com/offer/652775154283.html;;;;;;;10;https://detail.1688.com/offer/652775154283.html;;;;;;;;;15;https://detail.1688.com/offer/655276949847.html;;;;;;;19;https://detail.1688.com/offer/650615189639.html;20;https://detail.1688.com/offer/650615189639.html;;;;;;;;;;;;;;;;;;;;;;;;;33;https://detail.1688.com/offer/651349895083.html;;;;;;;;;;;;;;;;;;;;;;;;;;;;;;;;;50;https://detail.1688.com/offer/650502777243.html;;;;;;;;;;;;;;;;;;;;;;;;;;;;;;;;;;;68;https://detail.1688.com/offer/650171874708.html;;;;;;;;;;;;;;;;;;;;;;;;;;;;;;;;;;;;;;;;;;;;;;;;;;;;;;;;;;
义乌市尚捷饰品有限公司;https://shop11759725e5h10.1688.com;10;1;https://detail.1688.com/offer/570242283051.html;;;3;https://detail.1688.com/offer/651103980184.html;;;;;;;7;https://detail.1688.com/offer/577879592576.html;;;;;;;11;https://detail.1688.com/offer/602211818694.html;;;;;14;https://detail.1688.com/offer/558266303297.html;15;https://detail.1688.com/offer/567603738813.html;16;https://detail.1688.com/offer/605437704710.html;;;;;;;;;;;;;;;24;https://detail.1688.com/offer/592686175575.html;;;;;;;;;;;;;;;;;;;34;https://detail.1688.com/offer/577879592576.html;;;;;;;;;;;;;;;;;;;;;45;https://detail.1688.com/offer/575086640092.html;;;;;;;;;;;;;;;;;;;;;;;;;;;;;;;;;;;;;;;;;;;;;;;;;;;;;;;;;;;;;;;;;;;;;;;;;;;;;;;;;;;;;;;;;;;;;;;;;;;;;;;;
佛山市南海区桂城益昌五金电器商行;https://shop68y64231y6722.1688.com;10;1;https://detail.1688.com/offer/627083262787.html;2;https://detail.1688.com/offer/627036210364.html;;;;;;;;;;;;;9;https://detail.1688.com/offer/626471872921.html;10;https://detail.1688.com/offer/626794489252.html;11;https://detail.1688.com/offer/626470940782.html;12;https://detail.1688.com/offer/626789509103.html;;;;;;;;;17;https://detail.1688.com/offer/627074710869.html;;;;;;;;;;;;;;;;;;;;;;;;;;;;;32;https://detail.1688.com/offer/626786869812.html;;;;;;;;;;;;;;;;;;;;;;;44;https://detail.1688.com/offer/627380191076.html;;;;;;;;;;;;;;;;;;;;;;;;;;;;;59;https://detail.1688.com/offer/627377043984.html;;;;;;;;;;;;;;;;;;;;;;;;;;;;;;;;;;;;;;;;;;;;;;;;;;;;;;;;;;;;;;;;;;;;;;;;;;;;
永嘉县发缘塑料加工厂;https://shop03431ym121926.1688.com;10;1;https://detail.1688.com/offer/651752445054.html;;;;;;;;;;;7;https://detail.1688.com/offer/655075975200.html;;;;;;;;;;;;;;;;;;;;;;;;;;;;;22;https://detail.1688.com/offer/641630330687.html;23;https://detail.1688.com/offer/641630330687.html;;;;;26;https://detail.1688.com/offer/654105911828.html;;;;;;;;;;;;;;;;;;;36;https://detail.1688.com/offer/654683938696.html;;;;;;;;;;;;;43;https://detail.1688.com/offer/650838517676.html;;;;;;;;;;;;;;;51;https://detail.1688.com/offer/647503542876.html;;;;;;;;;;;;;;;;;;;;;62;https://detail.1688.com/offer/634677937960.html;;;;;;;;;;;;;;;;;;;;;;;;;75;https://detail.1688.com/offer/651326232877.html;;;;;;;;;;;;;;;;;;;;;;;;;;;;;;;;;;;;;;;;;;;;
义乌市依宇电子商务有限公司;https://shop612q3221y5a50.1688.com;10;1;https://detail.1688.com/offer/642043239356.html;2;https://detail.1688.com/offer/641499765238.html;3;https://detail.1688.com/offer/642043239356.html;4;https://detail.1688.com/offer/641124440500.html;;;;;7;https://detail.1688.com/offer/642043239356.html;;;9;https://detail.1688.com/offer/641712582437.html;;;;;;;;;14;https://detail.1688.com/offer/641124440500.html;;;;;;;;;;;;;;;;;;;;;;;;;;;;;;;;;;;32;https://detail.1688.com/offer/641712582437.html;;;;;35;https://detail.1688.com/offer/641712582437.html;;;37;https://detail.1688.com/offer/641124440500.html;;;;;;;;;;;;;;;;;;;;;;;;;;;;;;;;;;;;;;;;;;;;;;;;;;;;;;;;;;;;;;;;;;;;;;;;;;;;;;;;;;;;;;;;;;;;;;;;;;;;;;;;;;;;;;;;;;;;;;;;
尤溪县赤眉商行;https://shop61053b6q727d2.1688.com;10;1;https://detail.1688.com/offer/641197477346.html;2;https://detail.1688.com/offer/643316622533.html;3;https://detail.1688.com/offer/642954804973.html;;;;;6;https://detail.1688.com/offer/643316622533.html;;;;;;;;;;;;;13;https://detail.1688.com/offer/642637856522.html;;;;;;;;;;;;;;;;;22;https://detail.1688.com/offer/641694296246.html;;;24;https://detail.1688.com/offer/641964644140.html;;;;;;;;;;;;;;;32;https://detail.1688.com/offer/649947146660.html;;;;;;;;;;;;;39;https://detail.1688.com/offer/641713159530.html;40;https://detail.1688.com/offer/651872209043.html;;;;;;;;;;;;;;;;;;;;;;;;;;;;;;;;;;;;;;;;;;;;;;;;;;;;;;;;;;;;;;;;;;;;;;;;;;;;;;;;;;;;;;;;;;;;;;;;;;;;;;;;;;;;;;;;;;
义乌市布斯进出口有限公司;https://shop81421962oq998.1688.com;10;1;https://detail.1688.com/offer/624175594813.html;;;;;4;https://detail.1688.com/offer/635161136122.html;5;https://detail.1688.com/offer/626248245657.html;;;7;https://detail.1688.com/offer/635067069359.html;;;;;10;https://detail.1688.com/offer/594995229316.html;;;;;13;https://detail.1688.com/offer/620433776302.html;;;;;;;;;;;;;20;https://detail.1688.com/offer/635212176434.html;;;;;;;;;25;https://detail.1688.com/offer/624079820059.html;;;;;;;29;https://detail.1688.com/offer/624213256663.html;;;;;;;;;;;;;;;37;https://detail.1688.com/offer/624175594813.html;;;;;;;;;;;;;;;;;;;;;;;;;;;;;;;;;;;;;;;;;;;;;;;;;;;;;;;;;;;;;;;;;;;;;;;;;;;;;;;;;;;;;;;;;;;;;;;;;;;;;;;;;;;;;;;;;;;;;;;;
余江区鑫进贸易商行;https://shop2828jv94x2073.1688.com;10;1;https://detail.1688.com/offer/650329588636.html;2;https://detail.1688.com/offer/650329588636.html;3;https://detail.1688.com/offer/650329588636.html;;;;;;;;;;;;;10;https://detail.1688.com/offer/650329588636.html;11;https://detail.1688.com/offer/650329588636.html;;;;;;;15;https://detail.1688.com/offer/651564000388.html;;;;;;;;;;;;;;;;;;;;;;;;;;;;;;;31;https://detail.1688.com/offer/653562569029.html;;;;;;;;;;;37;https://detail.1688.com/offer/652970976727.html;;;;;;;;;;;;;44;https://detail.1688.com/offer/655867290721.html;;;;;;;;;;;;;;;;;;;;;;;;;;;;;59;https://detail.1688.com/offer/655867290688.html;;;;;;;;;;;;;;;;;;;;;;;;;;;;;;;;;;;;;;;;;;;;;;;;;;;;;;;;;;;;;;;;;;;;;;;;;;;;
阳江市江城区河马西施饰品厂;https://shop1489889953958.1688.com;10;1;https://detail.1688.com/offer/655104658396.html;;;;;;;;;;;7;https://detail.1688.com/offer/617658682072.html;8;https://detail.1688.com/offer/644519311412.html;9;https://detail.1688.com/offer/644982635650.html;10;https://detail.1688.com/offer/622062569381.html;;;;;;;;;15;https://detail.1688.com/offer/644568484476.html;;;;;;;;;20;https://detail.1688.com/offer/640874305073.html;;;;;;;;;;;;;;;;;;;30;https://detail.1688.com/offer/620388377421.html;;;32;https://detail.1688.com/offer/644982635650.html;;;;;35;https://detail.1688.com/offer/644982635650.html;;;;;;;;;;;;;;;;;;;;;;;;;;;;;;;;;;;;;;;;;;;;;;;;;;;;;;;;;;;;;;;;;;;;;;;;;;;;;;;;;;;;;;;;;;;;;;;;;;;;;;;;;;;;;;;;;;;;;;;;;;;;
义乌市池臣电子商务商行;https://shop64120495p7823.1688.com;10;1;https://detail.1688.com/offer/654877542726.html;;;;;;;5;https://detail.1688.com/offer/654828668702.html;;;7;https://detail.1688.com/offer/653582510402.html;;;;;10;https://detail.1688.com/offer/655049219060.html;;;;;;;;;;;;;;;18;https://detail.1688.com/offer/656188047253.html;19;https://detail.1688.com/offer/656188047253.html;20;https://detail.1688.com/offer/656188047253.html;;;;;;;;;;;;;;;;;;;;;;;;;;;;;;;;;;;;;;;;;;;42;https://detail.1688.com/offer/654470363188.html;;;44;https://detail.1688.com/offer/656251151963.html;;;;;;;;;;;;;;;;;;;;;;;;;;;;;;;;;;;;;;;;;;;;;;;;;;;;;;;;;;;;;;;;;;;;;;;;;;;;;;;;;;;;;;;;;;;;;;;;;;;;;;;;;;
义乌市明均饰品有限公司;https://shop3gk0764357210.1688.com;10;1;https://detail.1688.com/offer/646390114508.html;2;https://detail.1688.com/offer/645345388290.html;;;;;5;https://detail.1688.com/offer/645345388290.html;6;https://detail.1688.com/offer/645717627705.html;;;;;;;;;;;12;https://detail.1688.com/offer/646390114508.html;;;;;;;;;17;https://detail.1688.com/offer/651712687489.html;18;https://detail.1688.com/offer/644984463335.html;19;https://detail.1688.com/offer/644984463335.html;20;https://detail.1688.com/offer/646737715972.html;21;https://detail.1688.com/offer/644984463335.html;;;;;;;;;;;;;;;;;;;;;;;;;;;;;;;;;;;;;;;;;;;;;;;;;;;;;;;;;;;;;;;;;;;;;;;;;;;;;;;;;;;;;;;;;;;;;;;;;;;;;;;;;;;;;;;;;;;;;;;;;;;;;;;;;;;;;;;;;;;;;;;;;;;;;;;;
义乌市邓安电子商务商行;https://shop643h3875h5736.1688.com;10;1;https://detail.1688.com/offer/650028834552.html;;;;;4;https://detail.1688.com/offer/650028834552.html;;;6;https://detail.1688.com/offer/650028834552.html;;;8;https://detail.1688.com/offer/650028834552.html;;;;;;;;;;;;;;;;;;;;;;;20;https://detail.1688.com/offer/648756364036.html;;;;;;;;;;;;;;;;;;;30;https://detail.1688.com/offer/652021384047.html;;;;;;;;;;;;;;;;;39;https://detail.1688.com/offer/650364882470.html;;;;;;;;;;;;;;;;;;;;;;;;;;;;;;;;;;;;;;;;;;;;;;;;;;;;;;;;;;;;;;;;;;;;;;;;;;;;;;;;;;;;;;;;;;;85;https://detail.1688.com/offer/653627546581.html;;;;;;;;;;;91;https://detail.1688.com/offer/652128251264.html;;;;;;;;;;;;
义乌市戴炫饰品有限公司;https://daishangsp.1688.com;10;1;https://detail.1688.com/offer/584005102925.html;2;https://detail.1688.com/offer/584144303497.html;3;https://detail.1688.com/offer/590922368147.html;;;5;https://detail.1688.com/offer/584005102925.html;6;https://detail.1688.com/offer/588171932824.html;;;8;https://detail.1688.com/offer/607481622250.html;;;10;https://detail.1688.com/offer/583306916344.html;11;https://detail.1688.com/offer/592105022479.html;;;;;;;;;16;https://detail.1688.com/offer/583425798589.html;;;;;;;;;;;;;;;;;;;;;;;;;;;;;;;;;33;https://detail.1688.com/offer/584005102925.html;;;;;;;;;;;;;;;;;;;;;;;;;;;;;;;;;;;;;;;;;;;;;;;;;;;;;;;;;;;;;;;;;;;;;;;;;;;;;;;;;;;;;;;;;;;;;;;;;;;;;;;;;;;;;;;;;;;;;;;;;;;;;;;;
杭州余杭区乔司街道聚耀百货商行;https://shop29909367g04n6.1688.com;10;1;https://detail.1688.com/offer/654820791868.html;2;https://detail.1688.com/offer/653696820719.html;3;https://detail.1688.com/offer/654820791868.html;4;https://detail.1688.com/offer/654820791868.html;5;https://detail.1688.com/offer/654820791868.html;6;https://detail.1688.com/offer/654820791868.html;;;;;;;10;https://detail.1688.com/offer/654820791868.html;;;;;;;;;;;;;17;https://detail.1688.com/offer/654820791868.html;;;;;;;;;22;https://detail.1688.com/offer/655262651700.html;;;;;;;;;;;;;;;;;;;;;;;;;;;;;;;;;;;;;;;;;;;;;;;;;47;https://detail.1688.com/offer/655069782727.html;;;;;;;;;;;;;;;;;;;;;;;;;;;;;;;;;;;;;;;;;;;;;;;;;;;;;;;;;;;;;;;;;;;;;;;;;;;;;;;;;;;;;;;;;;;;;;;;;;;;
东阳市江北谱写电子商务商行;https://shop2586v3578y960.1688.com;10;1;https://detail.1688.com/offer/646336529116.html;;;3;https://detail.1688.com/offer/653120382164.html;;;;;6;https://detail.1688.com/offer/653718821821.html;;;;;;;10;https://detail.1688.com/offer/629779500496.html;;;;;;;;;;;;;17;https://detail.1688.com/offer/646336529116.html;;;;;;;;;22;https://detail.1688.com/offer/618499789463.html;23;https://detail.1688.com/offer/654937772106.html;;;;;26;https://detail.1688.com/offer/640771500522.html;;;;;;;;;;;;;;;;;;;;;;;;;39;https://detail.1688.com/offer/631643472189.html;40;https://detail.1688.com/offer/628549128440.html;;;;;;;;;;;;;;;;;;;;;;;;;;;;;;;;;;;;;;;;;;;;;;;;;;;;;;;;;;;;;;;;;;;;;;;;;;;;;;;;;;;;;;;;;;;;;;;;;;;;;;;;;;;;;;;;;;
义乌市鼎洲电子商务商行;https://dzsp2012.1688.com;10;46;https://detail.1688.com/offer/45285119750.html;;;;;;;;;;;;;;;;;;;;;;;;;;;;;;;;;;;;;;;66;https://detail.1688.com/offer/597399869201.html;67;https://detail.1688.com/offer/559397353203.html;;;69;https://detail.1688.com/offer/535973401094.html;;;;;;;;;;;;;;;;;78;https://detail.1688.com/offer/574412945000.html;;;;;81;https://detail.1688.com/offer/596285455046.html;82;https://detail.1688.com/offer/543698380168.html;;;;;;;;;;;;;;;90;https://detail.1688.com/offer/618979650086.html;;;;;93;https://detail.1688.com/offer/641805642416.html;;;;;;;97;https://detail.1688.com/offer/640995736586.html;;;;;;;;;;;;;;;;;;;;;;;;;;;;;;;;;;;;;;;;;;;;;;;;;;;;;;;;;;;;;;;;;;;;;;;;;;;;;;;;;;;;;;;;;;
义乌市佰昌日用百货商行;https://ywbaichang.1688.com;10;53;https://detail.1688.com/offer/595123394705.html;54;https://detail.1688.com/offer/612739102334.html;55;https://detail.1688.com/offer/595123394705.html;56;https://detail.1688.com/offer/559291757929.html;57;https://detail.1688.com/offer/556164065543.html;58;https://detail.1688.com/offer/596491215400.html;59;https://detail.1688.com/offer/611516884194.html;60;https://detail.1688.com/offer/595123394705.html;61;https://detail.1688.com/offer/595123394705.html;;;;;;;;;;;;;;;;;;;;;;;;;;;75;https://detail.1688.com/offer/611561484603.html;;;;;;;;;;;;;;;;;;;;;;;;;;;;;;;;;;;;;;;;;;;;;;;;;;;;;;;;;;;;;;;;;;;;;;;;;;;;;;;;;;;;;;;;;;;;;;;;;;;;;;;;;;;;;;;;;;;;;;;;;;;;;;;;;;;;;;;;;;;;;;;;;;;;
义乌市美航饰品有限公司;https://shop1386953617542.1688.com;10;59;https://detail.1688.com/offer/534759268680.html;;;61;https://detail.1688.com/offer/534759268680.html;;;;;;;65;https://detail.1688.com/offer/597836849323.html;66;https://detail.1688.com/offer/598202447860.html;67;https://detail.1688.com/offer/597598812838.html;;;69;https://detail.1688.com/offer/610086828883.html;;;;;;;;;;;;;;;;;;;79;https://detail.1688.com/offer/598033602819.html;;;;;82;https://detail.1688.com/offer/597606172100.html;;;;;85;https://detail.1688.com/offer/598024314153.html;;;;;;;;;;;91;https://detail.1688.com/offer/610822695023.html;;;;;;;;;;;;;;;;;;;;;;;;;;;;;;;;;;;;;;;;;;;;;;;;;;;;;;;;;;;;;;;;;;;;;;;;;;;;;;;;;;;;;;;;;;;;;;;;;;;;;;;;;;;;;;;;;;;;;;;;;;;;;;;;
义乌市晴雯饰品有限公司;https://shop1357753428547.1688.com;10;65;https://detail.1688.com/offer/564081169070.html;66;https://detail.1688.com/offer/560400596609.html;;;68;https://detail.1688.com/offer/615187552480.html;69;https://detail.1688.com/offer/542497231088.html;;;;;;;;;;;;;;;;;;;79;https://detail.1688.com/offer/595953196450.html;;;81;https://detail.1688.com/offer/574186596005.html;82;https://detail.1688.com/offer/534455450586.html;;;;;85;https://detail.1688.com/offer/592610129821.html;;;;;;;;;90;https://detail.1688.com/offer/644075034895.html;91;https://detail.1688.com/offer/573879359197.html;;;;;;;;;;;;;;;;;;;;;;;;;;;;;;;;;;;;;;;;;;;;;;;;;;;;;;;;;;;;;;;;;;;;;;;;;;;;;;;;;;;;;;;;;;;;;;;;;;;;;;;;;;;;;;;;;;;;;;;;;;;;;;;;;;;;;;;;;;;;
义乌市牛犇进出口有限公司;https://niuben.1688.com;10;66;https://detail.1688.com/offer/635493624562.html;67;https://detail.1688.com/offer/635493624562.html;;;69;https://detail.1688.com/offer/653441148039.html;;;;;;;;;;;;;;;;;;;;;;;81;https://detail.1688.com/offer/654869771669.html;;;83;https://detail.1688.com/offer/634637165213.html;;;;;;;;;88;https://detail.1688.com/offer/653329388313.html;;;90;https://detail.1688.com/offer/635463913229.html;;;92;https://detail.1688.com/offer/634529405718.html;93;https://detail.1688.com/offer/653670472405.html;;;;;;;97;https://detail.1688.com/offer/636177739183.html;;;;;;;;;;;;;;;;;;;;;;;;;;;;;;;;;;;;;;;;;;;;;;;;;;;;;;;;;;;;;;;;;;;;;;;;;;;;;;;;;;;;;;;;;;;;;;;;;;;;;;;;;;;;;;;;;;;;;;;;;;;;;;;;;;
义乌市涵熙饰品有限公司;https://shop1b618i28105z6.1688.com;9;1;https://detail.1688.com/offer/641816945608.html;;;3;https://detail.1688.com/offer/641816945608.html;;;5;https://detail.1688.com/offer/641816945608.html;6;https://detail.1688.com/offer/641816945608.html;;;;;;;;;;;;;;;14;https://detail.1688.com/offer/641816945608.html;;;;;17;https://detail.1688.com/offer/641816945608.html;;;;;;;;;;;;;;;;;;;;;;;;;;;;;;;;;;;;;;;37;https://detail.1688.com/offer/641816945608.html;;;;;;;;;;;;;;;;;46;https://detail.1688.com/offer/647339939140.html;;;;;;;;;;;;;;;;;;;;;;;;;;;;;;;;;;;;;;;;;;;68;https://detail.1688.com/offer/637595961810.html;;;;;;;;;;;;;;;;;;;;;;;;;;;;;;;;;;;;;;;;;;;;;;;;;;;;;;;;;;
义乌市库瑞电子商务有限公司;https://kr1jpf.1688.com;9;1;https://detail.1688.com/offer/631591404391.html;;;;;;;5;https://detail.1688.com/offer/631591404391.html;;;7;https://detail.1688.com/offer/598466911134.html;;;9;https://detail.1688.com/offer/631356780114.html;;;;;12;https://detail.1688.com/offer/573944989067.html;;;;;;;;;;;;;;;;;;;22;https://detail.1688.com/offer/537425022820.html;;;;;;;;;;;;;;;;;;;;;;;34;https://detail.1688.com/offer/574510569164.html;35;https://detail.1688.com/offer/632407715710.html;;;;;;;;;;;;;42;https://detail.1688.com/offer/526973215907.html;;;;;;;;;;;;;;;;;;;;;;;;;;;;;;;;;;;;;;;;;;;;;;;;;;;;;;;;;;;;;;;;;;;;;;;;;;;;;;;;;;;;;;;;;;;;;;;;;;;;;;;;;;;;;;
余江区欣飞经营部;https://shop02182q5g85372.1688.com;9;1;https://detail.1688.com/offer/652245019873.html;;;3;https://detail.1688.com/offer/652245019873.html;4;https://detail.1688.com/offer/652245019873.html;5;https://detail.1688.com/offer/652245019873.html;6;https://detail.1688.com/offer/652245019873.html;;;8;https://detail.1688.com/offer/652245019873.html;;;;;11;https://detail.1688.com/offer/652245019873.html;;;;;;;;;;;;;;;;;;;;;;;;;;;;;;;;;;;;;;;;;;;33;https://detail.1688.com/offer/652245019873.html;;;;;;;;;;;;;;;;;;;;;;;;;;;;;;;;;;;;;;;;;;;;;;;;;;;;;;;;;;;;;;;;;;;;;;;;;;;;;;;;;;;;;;;;;;;;;;;;;;;;;;;;;;;;;;;;;;;;;;;;;;;;;;;;
揭阳市揭东区新亨镇耀维百货店;https://shop500911055m618.1688.com;9;1;https://detail.1688.com/offer/650358806232.html;;;3;https://detail.1688.com/offer/650358806232.html;;;;;6;https://detail.1688.com/offer/650358806232.html;;;;;;;10;https://detail.1688.com/offer/650358806232.html;11;https://detail.1688.com/offer/650358806232.html;;;;;;;;;16;https://detail.1688.com/offer/648894808662.html;;;18;https://detail.1688.com/offer/650062113373.html;19;https://detail.1688.com/offer/650062113373.html;20;https://detail.1688.com/offer/650062113373.html;;;;;;;;;;;;;;;;;;;;;;;;;;;;;;;;;;;;;;;;;;;;;;;;;;;;;;;;;;;;;;;;;;;;;;;;;;;;;;;;;;;;;;;;;;;;;;;;;;;;;;;;;;;;;;;;;;;;;;;;;;;;;;;;;;;;;;;;;;;;;;;;;;;;;;;;;;
丰泽区是随百货网店;https://shop72n943964nw75.1688.com;9;1;https://detail.1688.com/offer/652743502023.html;;;3;https://detail.1688.com/offer/652743502023.html;4;https://detail.1688.com/offer/652743502023.html;5;https://detail.1688.com/offer/652743502023.html;6;https://detail.1688.com/offer/652743502023.html;;;8;https://detail.1688.com/offer/652743502023.html;;;;;11;https://detail.1688.com/offer/652743502023.html;;;;;;;;;;;;;;;;;;;;;;;;;;;;;;;;;;;;;;;;;;;33;https://detail.1688.com/offer/652743502023.html;34;https://detail.1688.com/offer/651816644322.html;;;;;;;;;;;;;;;;;;;;;;;;;;;;;;;;;;;;;;;;;;;;;;;;;;;;;;;;;;;;;;;;;;;;;;;;;;;;;;;;;;;;;;;;;;;;;;;;;;;;;;;;;;;;;;;;;;;;;;;;;;;;;;
义乌市光与影电子商务商行;https://shop031728v2g2u85.1688.com;9;1;https://detail.1688.com/offer/628670891757.html;2;https://detail.1688.com/offer/629004286643.html;;;;;;;;;7;https://detail.1688.com/offer/643363729610.html;;;9;https://detail.1688.com/offer/629305023625.html;;;;;12;https://detail.1688.com/offer/647437179992.html;;;;;;;;;;;;;;;;;;;;;;;24;https://detail.1688.com/offer/650011023296.html;;;;;;;;;;;;;31;https://detail.1688.com/offer/616508767763.html;;;;;;;;;;;;;;;;;;;;;;;;;44;https://detail.1688.com/offer/650142075607.html;;;46;https://detail.1688.com/offer/642050176751.html;;;;;;;;;;;;;;;;;;;;;;;;;;;;;;;;;;;;;;;;;;;;;;;;;;;;;;;;;;;;;;;;;;;;;;;;;;;;;;;;;;;;;;;90;https://detail.1688.com/offer/649621893847.html;;;;;;;;;;;;;;
玉林市玉州区卡美百货店;https://shop0678h776984k1.1688.com;9;1;https://detail.1688.com/offer/646844570572.html;;;;;;;;;;;7;https://detail.1688.com/offer/643830916001.html;;;;;;;;;;;;;14;https://detail.1688.com/offer/645078321261.html;;;;;17;https://detail.1688.com/offer/644177452249.html;;;19;https://detail.1688.com/offer/650134146896.html;;;21;https://detail.1688.com/offer/649359776517.html;22;https://detail.1688.com/offer/645144910776.html;;;;;;;;;;;;;;;;;;;32;https://detail.1688.com/offer/644386689002.html;;;;;;;;;;;;;;;;;;;;;;;;;;;;;;;;;49;https://detail.1688.com/offer/646291853585.html;;;;;;;;;;;;;;;;;;;;;;;;;;;;;;;;;;;;;;;;;;;;;;;;;;;;;;;;;;;;;;;;;;;;;;;;;;;;;;;;;;;;;;;;;;;;;;;;
义乌市可巧电子商务商行;https://shop1469033339598.1688.com;9;1;https://detail.1688.com/offer/535975662969.html;2;https://detail.1688.com/offer/535975662969.html;3;https://detail.1688.com/offer/535975662969.html;4;https://detail.1688.com/offer/535975662969.html;5;https://detail.1688.com/offer/535975662969.html;6;https://detail.1688.com/offer/535975662969.html;;;8;https://detail.1688.com/offer/535975662969.html;;;10;https://detail.1688.com/offer/535975662969.html;;;;;;;;;;;;;17;https://detail.1688.com/offer/535975662969.html;;;;;;;;;;;;;;;;;;;;;;;;;;;;;;;;;;;;;;;;;;;;;;;;;;;;;;;;;;;;;;;;;;;;;;;;;;;;;;;;;;;;;;;;;;;;;;;;;;;;;;;;;;;;;;;;;;;;;;;;;;;;;;;;;;;;;;;;;;;;;;;;;;;;;;;;;;;;;;;;
义乌市谦谦饰品有限公司;https://shop1495299047519.1688.com;9;1;https://detail.1688.com/offer/648916366228.html;;;;;;;;;;;;;;;;;10;https://detail.1688.com/offer/627996206087.html;;;;;13;https://detail.1688.com/offer/606953752224.html;14;https://detail.1688.com/offer/631261685469.html;;;;;17;https://detail.1688.com/offer/648916366228.html;;;;;;;;;;;23;https://detail.1688.com/offer/643031129996.html;24;https://detail.1688.com/offer/620623860747.html;;;26;https://detail.1688.com/offer/631261685469.html;;;;;;;;;;;;;;;;;;;;;37;https://detail.1688.com/offer/643171858025.html;;;;;;;;;;;;;;;;;;;;;;;;;;;;;;;;;;;;;;;;;;;;;;;;;;;;;;;;;;;;;;;;;;;;;;;;;;;;;;;;;;;;;;;;;;;;;;;;;;;;;;;;;;;;;;;;;;;;;;;;
南平市建阳区林农昭汉百货店;https://shop93p978l965704.1688.com;9;1;https://detail.1688.com/offer/645208987493.html;;;;;;;;;;;;;;;;;;;;;;;13;https://detail.1688.com/offer/645644104416.html;14;https://detail.1688.com/offer/645239734802.html;;;;;;;;;19;https://detail.1688.com/offer/651533398428.html;20;https://detail.1688.com/offer/651533398428.html;21;https://detail.1688.com/offer/651533398428.html;;;;;;;;;;;;;;;;;;;31;https://detail.1688.com/offer/646575018105.html;;;;;;;;;;;;;;;;;;;;;;;;;;;;;;;;;;;;;;;;;;;;;;;;;;;;;;;;;;;;;;;;;;;;;;;;;;;;;;;;;;;;;;;;;;;;;;;;;;;;;;;;;;;;;;;;;;;;;90;https://detail.1688.com/offer/625625146192.html;;;;;;;;;;;;;;
新罗区金舞花百货商行;https://shop27785mu839m94.1688.com;9;1;https://detail.1688.com/offer/646870430757.html;;;;;;;;;;;;;;;;;10;https://detail.1688.com/offer/645027563466.html;;;;;;;;;;;;;;;18;https://detail.1688.com/offer/651381324393.html;;;;;;;;;;;;;;;;;;;;;;;;;;;;;;;34;https://detail.1688.com/offer/647013653847.html;35;https://detail.1688.com/offer/648081059497.html;;;;;;;39;https://detail.1688.com/offer/646693050364.html;;;;;;;;;44;https://detail.1688.com/offer/649583781852.html;;;;;;;;;;;;;;;;;;;;;55;https://detail.1688.com/offer/645941202699.html;;;;;;;;;;;61;https://detail.1688.com/offer/645941202699.html;;;;;;;;;;;;;;;;;;;;;;;;;;;;;;;;;;;;;;;;;;;;;;;;;;;;;;;;;;;;;;;;;;;;;;;;
临沂艾萌饰品有限公司;https://aimengshipin.1688.com;9;1;https://detail.1688.com/offer/632086369692.html;2;https://detail.1688.com/offer/633029872198.html;;;4;https://detail.1688.com/offer/632318438456.html;5;https://detail.1688.com/offer/632086369692.html;6;https://detail.1688.com/offer/632086369692.html;;;;;;;10;https://detail.1688.com/offer/642365291632.html;11;https://detail.1688.com/offer/573163870581.html;;;;;;;;;16;https://detail.1688.com/offer/632327506074.html;;;;;;;;;;;;;;;;;;;;;;;;;;;;;;;;;;;;;;;;;;;;;;;;;;;;;;;44;https://detail.1688.com/offer/648100782456.html;;;;;;;;;;;;;;;;;;;;;;;;;;;;;;;;;;;;;;;;;;;;;;;;;;;;;;;;;;;;;;;;;;;;;;;;;;;;;;;84;https://detail.1688.com/offer/653492363376.html;;;;;;;;;;;;;;;;;;;;;;;;;;
广州唯依日用品厂;https://shop842429r765q91.1688.com;9;1;https://detail.1688.com/offer/654130608094.html;;;;;;;5;https://detail.1688.com/offer/655267055240.html;6;https://detail.1688.com/offer/655267055240.html;;;;;;;;;;;;;;;;;;;;;17;https://detail.1688.com/offer/655267055240.html;;;;;;;;;;;;;;;;;;;;;;;;;;;31;https://detail.1688.com/offer/653626208421.html;;;;;;;;;;;;;;;;;;;;;;;;;;;;;;;;;;;;;;;51;https://detail.1688.com/offer/654056328854.html;;;;;;;;;56;https://detail.1688.com/offer/655462375540.html;;;;;;;;;;;;;;;;;;;;;;;;;69;https://detail.1688.com/offer/655468097168.html;;;;;;;;;;;;;;;;;;;;;;;;;;;;;;;;;;;;;;;;;;;;;;;;;;;;;;;;
南平市建阳区林农东松百货店;https://shop60s291b3192s5.1688.com;9;1;https://detail.1688.com/offer/652772311216.html;;;;;;;;;;;;;;;;;;;;;;;;;;;;;16;https://detail.1688.com/offer/653099134764.html;;;;;;;;;;;22;https://detail.1688.com/offer/653097054125.html;23;https://detail.1688.com/offer/654144471382.html;;;;;;;;;28;https://detail.1688.com/offer/653887347022.html;;;;;;;;;33;https://detail.1688.com/offer/653311435228.html;;;;;;;;;;;;;;;41;https://detail.1688.com/offer/651672172224.html;;;;;;;;;;;;;;;;;;;;;;;;;;;;;;;;;;;;;;;;;;;;;;;;;;;;;;;;;;;;;;;;;;;;;;;;;;;;;;;;;;;;;;;;;;;;;;;;;;;;;;;;;;;;;;;;
义乌市咔朋服饰有限公司;https://kapengfushi.1688.com;9;1;https://detail.1688.com/offer/608701422115.html;;;;;;;;;;;;;;;9;https://detail.1688.com/offer/557806026327.html;10;https://detail.1688.com/offer/578825286623.html;11;https://detail.1688.com/offer/591068653588.html;;;;;;;;;;;;;;;;;;;;;;;;;;;;;;;;;;;;;;;;;32;https://detail.1688.com/offer/557806026327.html;33;https://detail.1688.com/offer/608701422115.html;;;35;https://detail.1688.com/offer/565836835757.html;36;https://detail.1688.com/offer/558610815575.html;;;;;;;;;;;42;https://detail.1688.com/offer/547065288443.html;;;;;;;;;;;;;;;;;;;;;;;;;;;;;;;;;;;;;;;;;;;;;;;;;;;;;;;;;;;;;;;;;;;;;;;;;;;;;81;https://detail.1688.com/offer/621622114121.html;;;;;;;;;;;;;;;;;;;;;;;;;;;;;;;;
义乌市佳旎服饰有限公司;https://shop1466010343960.1688.com;9;1;https://detail.1688.com/offer/607455642862.html;;;;;4;https://detail.1688.com/offer/606870377086.html;5;https://detail.1688.com/offer/592145569328.html;6;https://detail.1688.com/offer/607455642862.html;;;;;;;10;https://detail.1688.com/offer/592145569328.html;;;;;;;;;;;;;;;;;;;20;https://detail.1688.com/offer/620631792944.html;;;;;;;;;;;;;;;;;;;;;31;https://detail.1688.com/offer/624810333257.html;;;33;https://detail.1688.com/offer/607455642862.html;;;;;;;;;;;;;;;;;;;;;;;;;;;47;https://detail.1688.com/offer/577621016192.html;;;;;;;;;;;;;;;;;;;;;;;;;;;;;;;;;;;;;;;;;;;;;;;;;;;;;;;;;;;;;;;;;;;;;;;;;;;;;;;;;;;;;;;;;;;;;;;;;;;;
广州越秀区欣倪商贸有限公司;https://shop899d3685d3801.1688.com;9;1;https://detail.1688.com/offer/652614564449.html;;;;;;;5;https://detail.1688.com/offer/653801923487.html;6;https://detail.1688.com/offer/652614564449.html;;;;;;;;;;;;;;;;;;;;;17;https://detail.1688.com/offer/652614564449.html;;;;;;;;;;;;;;;;;;;;;;;;;;;;;;;;;34;https://detail.1688.com/offer/642713016068.html;;;;;;;;;;;;;;;;;;;;;45;https://detail.1688.com/offer/651974820994.html;;;;;;;;;;;;;;;;;;;;;;;;;;;;;;;;;;;;;;;;;;;;;;;;;70;https://detail.1688.com/offer/649073268844.html;;;;;;;;;75;https://detail.1688.com/offer/643698001178.html;;;77;https://detail.1688.com/offer/652399638633.html;;;;;;;;;;;;;;;;;;;;;;;;;;;;;;;;;;;;;;;;
南平市建阳区林农赵太百货店;https://shop433618tv458b9.1688.com;9;1;https://detail.1688.com/offer/649366902598.html;;;;;;;5;https://detail.1688.com/offer/649366902598.html;6;https://detail.1688.com/offer/649366902598.html;;;;;;;;;;;;;;;;;;;;;17;https://detail.1688.com/offer/649366902598.html;;;;;20;https://detail.1688.com/offer/645588226641.html;;;;;23;https://detail.1688.com/offer/654083995409.html;;;;;;;;;;;;;;;;;;;;;;;;;;;;;38;https://detail.1688.com/offer/650054139865.html;39;https://detail.1688.com/offer/652755638561.html;;;;;;;;;;;;;;;;;;;;;;;;;;;;;;;;;;;;;;;;;;;61;https://detail.1688.com/offer/649437227932.html;;;;;;;;;;;;;;;;;;;;;;;;;;;;;;;;;;;;;;;;;;;;;;;;;;;;;;;;;;;;;;;;;;;;;;;;
五华县横陂镇珍露香商贸部;https://shop62573rn29u931.1688.com;9;1;https://detail.1688.com/offer/648294536332.html;2;https://detail.1688.com/offer/649053062925.html;3;https://detail.1688.com/offer/648298244042.html;;;5;https://detail.1688.com/offer/649063670230.html;;;;;8;https://detail.1688.com/offer/648294536332.html;;;;;;;;;;;;;;;16;https://detail.1688.com/offer/649053062925.html;17;https://detail.1688.com/offer/648294536332.html;;;;;;;;;;;;;;;;;;;;;;;;;;;;;;;;;;;;;;;;;;;39;https://detail.1688.com/offer/649056846658.html;;;;;;;;;;;;;;;;;;;;;;;;;;;;;;;;;;;;;;;;;;;;;;;;;;;;;;;;;68;https://detail.1688.com/offer/648287440726.html;;;;;;;;;;;;;;;;;;;;;;;;;;;;;;;;;;;;;;;;;;;;;;;;;;;;;;;;;;
义乌市星泰饰品有限公司;https://shop9i878x7270203.1688.com;9;1;https://detail.1688.com/offer/636692027169.html;;;;;;;5;https://detail.1688.com/offer/637185135983.html;;;7;https://detail.1688.com/offer/637703267321.html;;;;;10;https://detail.1688.com/offer/626585225699.html;;;;;;;;;15;https://detail.1688.com/offer/637737191524.html;;;17;https://detail.1688.com/offer/636692027169.html;;;;;;;;;;;;;;;;;26;https://detail.1688.com/offer/626410212252.html;;;;;29;https://detail.1688.com/offer/628055934710.html;;;;;;;;;;;35;https://detail.1688.com/offer/637737191524.html;;;;;;;;;;;;;;;;;;;;;;;;;;;;;;;;;;;;;;;;;;;;;;;;;;;;;;;;;;;;;;;;;;;;;;;;;;;;;;;;;;;;;;;;;;;;;;;;;;;;;;;;;;;;;;;;;;;;;;;;;;;;
深圳市米尤贸易有限公司;https://shop2061454c17197.1688.com;9;1;https://detail.1688.com/offer/640472212760.html;2;https://detail.1688.com/offer/636436650416.html;3;https://detail.1688.com/offer/636436650416.html;4;https://detail.1688.com/offer/640455098988.html;;;;;;;;;;;;;;;;;;;;;;;16;https://detail.1688.com/offer/635768087682.html;;;;;;;;;;;;;;;;;25;https://detail.1688.com/offer/634288558339.html;;;;;;;;;;;31;https://detail.1688.com/offer/640642806581.html;;;;;;;;;;;;;;;39;https://detail.1688.com/offer/634288974563.html;40;https://detail.1688.com/offer/637776055958.html;;;;;;;;;;;;;;;;;;;;;;;;;;;;;;;;;;;;;;;;;;;;;;;;;;;;;;;;;;;;;;;;;;;;;;;;;;;;;;;;;;;;;;;;;;;;;;;;;;;;;;;;;;;;;;;;;;
义乌市杰盾饰品厂;https://shop1429808252788.1688.com;9;1;https://detail.1688.com/offer/584397798542.html;2;https://detail.1688.com/offer/568278053890.html;3;https://detail.1688.com/offer/568278053890.html;4;https://detail.1688.com/offer/584397798542.html;5;https://detail.1688.com/offer/584397798542.html;6;https://detail.1688.com/offer/584397798542.html;;;;;;;10;https://detail.1688.com/offer/584397798542.html;;;12;https://detail.1688.com/offer/567266880942.html;;;;;;;;;;;;;;;;;;;;;;;;;;;;;;;;;;;;;;;;;;;34;https://detail.1688.com/offer/561594275569.html;;;;;;;;;;;;;;;;;;;;;;;;;;;;;;;;;;;;;;;;;;;;;;;;;;;;;;;;;;;;;;;;;;;;;;;;;;;;;;;;;;;;;;;;;;;;;81;https://detail.1688.com/offer/628871245159.html;;;;;;;;;;;;;;;;;;;;;;;;;;;;;;;;
义乌市怀琅贸易有限公司;https://shop1443451805112.1688.com;9;1;https://detail.1688.com/offer/604795508455.html;;;;;;;;;;;;;;;;;;;;;;;;;;;;;;;;;;;;;;;;;;;;;;;;;;;;;;;;;;;;;;;;;;;;;;;;;;;;;;;;;;;;;;;;;46;https://detail.1688.com/offer/536119482540.html;;;;;;;;;;;;;;;;;;;;;;;;;;;;;;;;;;;;;;;66;https://detail.1688.com/offer/593151739935.html;67;https://detail.1688.com/offer/593151739935.html;;;;;;;;;;;;;;;;;;;;;;;79;https://detail.1688.com/offer/592521152731.html;;;81;https://detail.1688.com/offer/623349886671.html;;;;;;;;;;;;;;;;;;;;;;;;;;;;;;;;
义乌市光影饰品有限公司;https://shop770u1e6z64467.1688.com;9;1;https://detail.1688.com/offer/652173732443.html;2;https://detail.1688.com/offer/652900804550.html;;;4;https://detail.1688.com/offer/653099510899.html;5;https://detail.1688.com/offer/653573705106.html;;;;;8;https://detail.1688.com/offer/653573705106.html;;;10;https://detail.1688.com/offer/653099510899.html;11;https://detail.1688.com/offer/652900804550.html;;;;;;;;;;;17;https://detail.1688.com/offer/653573705106.html;;;;;;;;;;;;;;;;;;;;;;;;;;;;;;;;;;;;;;;;;;;;;;;;;;;;;44;https://detail.1688.com/offer/654016738267.html;;;;;;;;;;;;;;;;;;;;;;;;;;;;;;;;;;;;;;;;;;;;;;;;;;;;;;;;;;;;;;;;;;;;;;;;;;;;;;;;;;;;;;;;;;;;;;;;;;;;;;;;;;
义乌市随敏饰品有限公司;https://shop1406652834510.1688.com;9;5;https://detail.1688.com/offer/45153779812.html;;;7;https://detail.1688.com/offer/602807869572.html;;;;;10;https://detail.1688.com/offer/615057075325.html;;;;;;;14;https://detail.1688.com/offer/43648780191.html;;;16;https://detail.1688.com/offer/42437229697.html;;;;;;;;;;;;;;;;;;;;;;;;;;;;;;;;;;;34;https://detail.1688.com/offer/533008643104.html;35;https://detail.1688.com/offer/578648508453.html;;;37;https://detail.1688.com/offer/644864691293.html;;;;;;;;;;;;;44;https://detail.1688.com/offer/631931544614.html;;;;;;;;;;;;;;;;;;;;;;;;;;;;;;;;;;;;;;;;;;;;;;;;;;;;;;;;;;;;;;;;;;;;;;;;;;;;;;;;;;;;;;;;;;;;;;;;;;;;;;;;;;;;;;;;;;
义乌市宣颖电子商务有限公司;https://shop90606028po4a4.1688.com;9;26;https://detail.1688.com/offer/616878233856.html;;;28;https://detail.1688.com/offer/603720783997.html;29;https://detail.1688.com/offer/617135086747.html;;;31;https://detail.1688.com/offer/598953841631.html;;;;;34;https://detail.1688.com/offer/654924655118.html;;;;;37;https://detail.1688.com/offer/620251048349.html;;;39;https://detail.1688.com/offer/636156047580.html;40;https://detail.1688.com/offer/621941330964.html;;;;;;;;;;;;;;;;;;;;;;;;;;;;;;;;;;;;;;;;;;;;;;;;;;;;;;;;;;;;;;;;;;;;;75;https://detail.1688.com/offer/649314132089.html;;;;;;;;;;;;;;;;;;;;;;;;;;;;;;;;;;;;;;;;;;;;;;;;;;;;;;;;;;;;;;;;;;;;;;;;;;;;;;;;;;;;;;;;;;;;;;
义乌市驻龙电子商务有限公司;https://ywps925.1688.com;9;46;https://detail.1688.com/offer/43481263788.html;;;;;;;;;;;;;;;;;;;;;;;;;;;;;;;;;;;;;;;;;;;;;;;;;;;;;;;;;;;;;;;78;https://detail.1688.com/offer/568193831298.html;79;https://detail.1688.com/offer/574445018793.html;;;81;https://detail.1688.com/offer/581565366310.html;;;;;;;;;;;;;88;https://detail.1688.com/offer/588493589052.html;;;90;https://detail.1688.com/offer/605759856834.html;91;https://detail.1688.com/offer/44325124132.html;92;https://detail.1688.com/offer/582369653302.html;;;;;;;;;97;https://detail.1688.com/offer/650560288678.html;;;;;;;;;;;;;;;;;;;;;;;;;;;;;;;;;;;;;;;;;;;;;;;;;;;;;;;;;;;;;;;;;;;;;;;;;;;;;;;;;;;;;;;;;;
义乌市赫拉进出口有限公司;https://ywhera.1688.com;9;53;https://detail.1688.com/offer/591313465215.html;54;https://detail.1688.com/offer/562573515289.html;;;56;https://detail.1688.com/offer/551598475437.html;57;https://detail.1688.com/offer/654563107909.html;58;https://detail.1688.com/offer/650478687845.html;59;https://detail.1688.com/offer/559743790116.html;60;https://detail.1688.com/offer/591313465215.html;;;;;;;;;;;;;;;;;;;;;;;;;73;https://detail.1688.com/offer/642497890680.html;;;;;76;https://detail.1688.com/offer/642497890680.html;;;;;;;;;;;;;;;;;;;;;;;;;;;;;;;;;;;;;;;;;;;;;;;;;;;;;;;;;;;;;;;;;;;;;;;;;;;;;;;;;;;;;;;;;;;;;;;;;;;;;;;;;;;;;;;;;;;;;;;;;;;;;;;;;;;;;;;;;;;;;;;;;;
义乌市露兮电子商务商行;https://shop701g0204b5202.1688.com;9;65;https://detail.1688.com/offer/622401859843.html;;;67;https://detail.1688.com/offer/613620062192.html;;;69;https://detail.1688.com/offer/575714615848.html;;;;;;;;;;;;;;;;;;;79;https://detail.1688.com/offer/615739253299.html;;;81;https://detail.1688.com/offer/595015551748.html;82;https://detail.1688.com/offer/625084297017.html;;;;;;;;;;;;;;;90;https://detail.1688.com/offer/624699344617.html;91;https://detail.1688.com/offer/628049990562.html;;;93;https://detail.1688.com/offer/627751261358.html;;;;;;;;;;;;;;;;;;;;;;;;;;;;;;;;;;;;;;;;;;;;;;;;;;;;;;;;;;;;;;;;;;;;;;;;;;;;;;;;;;;;;;;;;;;;;;;;;;;;;;;;;;;;;;;;;;;;;;;;;;;;;;;;;;;;;;;;
义乌市妙雅饰品有限公司;https://shop6239730h56062.1688.com;9;66;https://detail.1688.com/offer/578947901027.html;67;https://detail.1688.com/offer/578947901027.html;;;;;;;;;;;;;;;75;https://detail.1688.com/offer/641425109317.html;;;;;;;79;https://detail.1688.com/offer/600124178524.html;;;81;https://detail.1688.com/offer/599678056662.html;;;;;;;85;https://detail.1688.com/offer/593773700080.html;;;;;88;https://detail.1688.com/offer/606624534889.html;;;;;91;https://detail.1688.com/offer/578764081356.html;;;93;https://detail.1688.com/offer/643250601496.html;;;;;;;;;;;;;;;;;;;;;;;;;;;;;;;;;;;;;;;;;;;;;;;;;;;;;;;;;;;;;;;;;;;;;;;;;;;;;;;;;;;;;;;;;;;;;;;;;;;;;;;;;;;;;;;;;;;;;;;;;;;;;;;;;;;;;;;;;;
义乌市高途电子商务商行;https://gaotu809088915.1688.com;9;81;https://detail.1688.com/offer/600779787858.html;;;83;https://detail.1688.com/offer/647275377325.html;;;85;https://detail.1688.com/offer/623266139526.html;;;;;88;https://detail.1688.com/offer/607934874439.html;;;90;https://detail.1688.com/offer/618082366777.html;91;https://detail.1688.com/offer/598966628631.html;92;https://detail.1688.com/offer/588552742071.html;93;https://detail.1688.com/offer/615413684232.html;;;;;;;97;https://detail.1688.com/offer/613420926381.html;;;;;;;;;;;;;;;;;;;;;;;;;;;;;;;;;;;;;;;;;;;;;;;;;;;;;;;;;;;;;;;;;;;;;;;;;;;;;;;;;;;;;;;;;;;;;;;;;;;;;;;;;;;;;;;;;;;;;;;;;;;;;;;;;;;;;;;;;;;;;;;;;;;;;;;;;;;;;;;;
义乌市峰循电子商务商行;https://shop4i8029e276717.1688.com;8;1;https://detail.1688.com/offer/651480136255.html;;;3;https://detail.1688.com/offer/651480136255.html;4;https://detail.1688.com/offer/651480136255.html;5;https://detail.1688.com/offer/651480136255.html;6;https://detail.1688.com/offer/651480136255.html;;;8;https://detail.1688.com/offer/651480136255.html;;;;;11;https://detail.1688.com/offer/651480136255.html;;;;;;;;;;;;;;;;;;;;;;;;;;;;;;;;;;;;;;;;;;;33;https://detail.1688.com/offer/651480136255.html;;;;;;;;;;;;;;;;;;;;;;;;;;;;;;;;;;;;;;;;;;;;;;;;;;;;;;;;;;;;;;;;;;;;;;;;;;;;;;;;;;;;;;;;;;;;;;;;;;;;;84;https://detail.1688.com/offer/655872038081.html;;;;;;;;;;;;;;;;;;;;;;;;;;
义乌市伟美饰品有限公司;https://shop709450064uo15.1688.com;8;1;https://detail.1688.com/offer/629443577582.html;;;3;https://detail.1688.com/offer/629443577582.html;4;https://detail.1688.com/offer/629443577582.html;5;https://detail.1688.com/offer/629443577582.html;6;https://detail.1688.com/offer/629443577582.html;;;8;https://detail.1688.com/offer/629443577582.html;;;;;11;https://detail.1688.com/offer/629443577582.html;;;;;;;;;;;;;;;;;;;;;;;;;;;;;;;;;;;;;;;;;;;33;https://detail.1688.com/offer/629443577582.html;;;;;;;;;;;;;;;;;;;;;;;;;;;;;;;;;;;;;;;;;;;;;;;;;;;;;;;;;;;;;;;;;;;;;;;;;;;;;;;;;;;;;;;;;;;;;;;;;;;;;;;;;;;;;;;;;90;https://detail.1688.com/offer/651536832682.html;;;;;;;;;;;;;;
高新区枫桥富罗深百货商行;https://shop335k825i72h46.1688.com;8;1;https://detail.1688.com/offer/655107359802.html;;;;;;;5;https://detail.1688.com/offer/655107359802.html;;;;;;;;;;;;;;;;;14;https://detail.1688.com/offer/653543921250.html;;;;;;;;;;;;;;;;;;;;;;;;;;;;;;;;;31;https://detail.1688.com/offer/654300759878.html;;;;;;;;;;;37;https://detail.1688.com/offer/655107359802.html;;;39;https://detail.1688.com/offer/654454399179.html;40;https://detail.1688.com/offer/653110072136.html;;;;;;;;;45;https://detail.1688.com/offer/653170580723.html;;;;;;;;;;;;;;;;;;;;;;;;;;;;;;;;;;;;;;;;;;;;;;;;;;;;;;;;;;;;;;;;;;;;;;;;;;;;;;;;;;;;;;;;;;;;;;;;;;;;;;;;
永定区杞颇亮商行;https://shop987930070f8v5.1688.com;8;1;https://detail.1688.com/offer/654487574659.html;;;3;https://detail.1688.com/offer/654487574659.html;;;5;https://detail.1688.com/offer/654487574659.html;;;;;;;;;;;;;;;;;14;https://detail.1688.com/offer/654487574659.html;;;;;;;;;;;;;;;;;;;;;;;;;;;;;;;;;;;;;;;;;;;;;37;https://detail.1688.com/offer/654487574659.html;;;;;40;https://detail.1688.com/offer/639046779824.html;;;;;;;;;;;;;;;;;;;;;;;;;;;;;;;;;;;;;;;;;;;;;;;;;;;;;;;68;https://detail.1688.com/offer/653722468209.html;;;;;;;;;;;;;;;;;;;;;;;;;;;;;;;;;;;;;;;;;;;;;;;;;;;;;;;;;;
高新区枫桥顺如祥贸易商行;https://shop0202v1w781q91.1688.com;8;1;https://detail.1688.com/offer/655189539513.html;2;https://detail.1688.com/offer/655189539513.html;;;;;;;;;;;;;;;10;https://detail.1688.com/offer/655189539513.html;;;;;;;;;;;;;;;;;19;https://detail.1688.com/offer/653692945231.html;;;;;;;;;;;;;;;;;;;;;;;;;;;;;34;https://detail.1688.com/offer/653982740704.html;;;;;;;;;39;https://detail.1688.com/offer/654499069341.html;40;https://detail.1688.com/offer/653472588005.html;;;;;;;;;;;;;47;https://detail.1688.com/offer/654867439910.html;;;;;;;;;;;;;;;;;;;;;;;;;;;;;;;;;;;;;;;;;;;;;;;;;;;;;;;;;;;;;;;;;;;;;;;;;;;;;;;;;;;;;;;;;;;;;;;;;;;;
东阳市俊涵饰品有限公司;https://junhansp.1688.com;8;1;https://detail.1688.com/offer/651620401383.html;;;;;;;;;;;;;;;;;;;;;;;;;;;;;16;https://detail.1688.com/offer/628574189199.html;17;https://detail.1688.com/offer/628997703469.html;;;;;;;21;https://detail.1688.com/offer/629736816269.html;22;https://detail.1688.com/offer/649756347232.html;;;;;;;26;https://detail.1688.com/offer/613913256469.html;;;;;;;;;31;https://detail.1688.com/offer/636861326359.html;;;;;;;;;;;;;;;39;https://detail.1688.com/offer/630455611236.html;;;;;;;;;;;;;;;;;;;;;;;;;;;;;;;;;;;;;;;;;;;;;;;;;;;;;;;;;;;;;;;;;;;;;;;;;;;;;;;;;;;;;;;;;;;;;;;;;;;;;;;;;;;;;;;;;;;;
杭州梵鹏电子商务有限公司;https://shop93763vh969o29.1688.com;8;1;https://detail.1688.com/offer/653255549750.html;;;;;;;5;https://detail.1688.com/offer/652274923308.html;;;;;;;;;;;;;12;https://detail.1688.com/offer/653255549750.html;;;14;https://detail.1688.com/offer/651885702550.html;;;16;https://detail.1688.com/offer/653050590319.html;;;;;;;;;;;22;https://detail.1688.com/offer/651211722814.html;23;https://detail.1688.com/offer/652136190819.html;;;;;;;;;;;;;;;;;;;;;;;;;;;;;;;;;;;;;;;;;;;;;;;;;;;;;;;51;https://detail.1688.com/offer/652410199657.html;;;;;;;;;;;;;;;;;;;;;;;;;;;;;;;;;;;;;;;;;;;;;;;;;;;;;;;;;;;;;;;;;;;;;;;;;;;;;;;;;;;;;;;;;;;;
义乌市囡喃电子商务商行;https://shop48061986g28s4.1688.com;8;1;https://detail.1688.com/offer/645697518493.html;;;;;4;https://detail.1688.com/offer/645846744902.html;;;;;;;;;;;;;;;12;https://detail.1688.com/offer/645697518493.html;;;;;;;;;;;;;;;;;;;;;;;24;https://detail.1688.com/offer/645911485525.html;;;26;https://detail.1688.com/offer/645042532272.html;;;28;https://detail.1688.com/offer/645818049904.html;;;30;https://detail.1688.com/offer/645771329091.html;;;;;;;;;;;;;;;;;;;;;;;;;;;;;;;;;;;;;;;;;;;;;;;;;;;;;;;;;;;;;;;;;;;;;;;;;;;;;;;;;;;;;;;;;;;;;;;;;;;;;;;;;;;;;;;;;;;;;;;;;;;;;;;;;;;;;;
柘荣县周状日用品经营部;https://shop9j04363306988.1688.com;8;1;https://detail.1688.com/offer/647139574746.html;;;;;;;;;;;;;;;;;;;;;12;https://detail.1688.com/offer/647139574746.html;13;https://detail.1688.com/offer/647139574746.html;;;;;16;https://detail.1688.com/offer/648993311031.html;;;;;19;https://detail.1688.com/offer/651237457636.html;20;https://detail.1688.com/offer/651237457636.html;;;;;;;;;;;;;;;;;;;;;;;;;;;;;;;;;;;;;;;;;;;;;;;44;https://detail.1688.com/offer/646213205616.html;;;;;;;;;;;;;;;;;;;;;55;https://detail.1688.com/offer/650349484150.html;;;;;;;;;;;;;;;;;;;;;;;;;;;;;;;;;;;;;;;;;;;;;;;;;;;;;;;;;;;;;;;;;;;;;;;;;;;;;;;;;;;;
南京花兮百货贸易有限公司;https://shop17230wv141v16.1688.com;8;1;https://detail.1688.com/offer/649756849182.html;2;https://detail.1688.com/offer/649474085599.html;;;;;;;;;7;https://detail.1688.com/offer/649756849182.html;;;;;;;;;;;;;;;;;16;https://detail.1688.com/offer/649474085599.html;;;;;;;;;;;;;;;;;25;https://detail.1688.com/offer/651563404778.html;;;;;;;29;https://detail.1688.com/offer/619478278577.html;;;;;;;;;;;;;;;37;https://detail.1688.com/offer/621570430366.html;;;;;;;;;;;;;;;;;;;;;;;;;;;;;;;;;;;;;;;;;;;;;;;;;;;;;;;;;;;;;;;;;;;;;;;;;;;;;76;https://detail.1688.com/offer/643746968728.html;;;;;;;;;;;;;;;;;;;;;;;;;;;;;;;;;;;;;;;;;;
佛山市南海区浩帆得皮具厂;https://shop7du7020135l66.1688.com;8;1;https://detail.1688.com/offer/640556334331.html;;;;;;;;;;;;;;;;;10;https://detail.1688.com/offer/650852115904.html;;;;;;;;;;;;;;;18;https://detail.1688.com/offer/640545046969.html;19;https://detail.1688.com/offer/640545046969.html;20;https://detail.1688.com/offer/640545046969.html;;;;;23;https://detail.1688.com/offer/650693119787.html;;;;;;;;;;;;;;;;;;;33;https://detail.1688.com/offer/640556334331.html;;;;;;;;;;;;;;;;;;;;;;;;;;;47;https://detail.1688.com/offer/650562494313.html;;;;;;;;;;;;;;;;;;;;;;;;;;;;;;;;;;;;;;;;;;;;;;;;;;;;;;;;;;;;;;;;;;;;;;;;;;;;;;;;;;;;;;;;;;;;;;;;;;;;
深圳市福田区曼星达科技商行;https://shop4l002v41f4705.1688.com;8;1;https://detail.1688.com/offer/656241855703.html;;;3;https://detail.1688.com/offer/655266545576.html;4;https://detail.1688.com/offer/654896552251.html;;;;;;;;;;;;;;;12;https://detail.1688.com/offer/656092862694.html;;;;;;;;;;;;;;;;;;;;;;;;;;;;;;;;;;;;;;;;;;;;;35;https://detail.1688.com/offer/655412445752.html;;;37;https://detail.1688.com/offer/655333833969.html;;;;;;;;;;;43;https://detail.1688.com/offer/656376003161.html;;;;;;;;;;;;;;;;;;;;;;;;;;;;;;;;;;;;;;;;;;;;;;;;;;;;;;;;;;;;;;;;;;;;;;;;;;;;;;;;;;;;;;;;;;;;;;;;;;;;;;;;;;;;
丰泽区帕蝶百货网店;https://shop835e691o41932.1688.com;8;1;https://detail.1688.com/offer/652230965182.html;;;;;4;https://detail.1688.com/offer/652231041159.html;;;;;;;8;https://detail.1688.com/offer/652231041159.html;;;10;https://detail.1688.com/offer/652231041159.html;;;12;https://detail.1688.com/offer/652230965182.html;;;;;;;;;;;;;;;;;21;https://detail.1688.com/offer/651803036506.html;;;;;;;;;;;;;;;;;;;;;;;;;;;;;;;;;;;39;https://detail.1688.com/offer/653665746109.html;;;;;;;;;;;;;;;;;;;;;;;;;;;;;;;;;;;;;;;;;;;;;;;;;;;;;;;;;;;;;;;;;;;;;;;;;;;;;;;;;;;;;;;;;;;;;;;;;;;;;;;;;;;;;;;;;;;;
万载县润宏日用品商行;https://shop91803p571y154.1688.com;8;1;https://detail.1688.com/offer/648118940797.html;2;https://detail.1688.com/offer/648846992180.html;;;4;https://detail.1688.com/offer/648118940797.html;5;https://detail.1688.com/offer/648118940797.html;6;https://detail.1688.com/offer/648118940797.html;;;8;https://detail.1688.com/offer/648118940797.html;;;;;;;;;;;;;;;;;;;;;;;;;;;;;;;;;25;https://detail.1688.com/offer/647215296684.html;;;;;;;;;;;;;;;;;;;;;;;;;;;;;;;;;42;https://detail.1688.com/offer/648742145984.html;;;;;;;;;;;;;;;;;;;;;;;;;;;;;;;;;;;;;;;;;;;;;;;;;;;;;;;;;;;;;;;;;;;;;;;;;;;;;;;;;;;84;https://detail.1688.com/offer/645677311083.html;;;;;;;;;;;90;https://detail.1688.com/offer/652143529404.html;;;;;;;;;;;;;;
南昌万纳网络科技有限公司;https://wanna2021.1688.com;8;1;https://detail.1688.com/offer/650565091583.html;2;https://detail.1688.com/offer/641626459475.html;;;;;;;6;https://detail.1688.com/offer/641626459475.html;;;;;;;10;https://detail.1688.com/offer/641462687924.html;11;https://detail.1688.com/offer/641462687924.html;;;;;;;15;https://detail.1688.com/offer/650568579143.html;;;;;;;;;;;;;;;;;;;;;;;27;https://detail.1688.com/offer/644132493015.html;;;;;;;;;;;;;;;;;;;;;;;39;https://detail.1688.com/offer/640949073946.html;;;;;;;;;;;;;;;;;;;;;;;;;;;;;;;;;;;;;;;;;;;;;;;;;;;;;;;;;;;;;;;;;;;;;;;;;;;;;;;;;;;;;;;;;;;;;;;;;;;;;;;;;;;;;;;;;;;;
万载县溪消片日用品经营部;https://shop69971i4i115m2.1688.com;8;15;https://detail.1688.com/offer/655030817750.html;;;;;;;;;;;;;;;;;;;;;;;;;;;;;;;31;https://detail.1688.com/offer/650869507451.html;;;;;;;;;;;;;;;;;;;;;42;https://detail.1688.com/offer/650587985515.html;;;;;;;;;;;;;;;;;51;https://detail.1688.com/offer/653057524318.html;;;;;;;;;;;;;;;;;;;;;;;;;;;;;66;https://detail.1688.com/offer/650518637610.html;;;;;;;;;;;;;73;https://detail.1688.com/offer/650076633509.html;;;;;;;;;;;;;;;;;;;;;84;https://detail.1688.com/offer/653212995700.html;85;https://detail.1688.com/offer/650738785419.html;;;;;;;;;;;;;;;;;;;;;;;;;;;;;;;;;;;;;;;;;;;;;;;;;;;;
义乌市馨懿饰品有限公司;https://huiyaosujiao.1688.com;8;18;https://detail.1688.com/offer/601650756093.html;;;20;https://detail.1688.com/offer/601650756093.html;;;;;;;;;;;26;https://detail.1688.com/offer/640396160510.html;;;;;;;;;;;;;33;https://detail.1688.com/offer/642071058963.html;;;;;36;https://detail.1688.com/offer/554789204835.html;;;;;;;;;;;;;;;;;;;;;;;;;;;;;;;;;;;;;;;;;;;;;;;;;;;;;;;;;;;66;https://detail.1688.com/offer/562517220684.html;67;https://detail.1688.com/offer/562517220684.html;;;;;;;;;;;;;;;;;;;;;;;;;;;;;;;83;https://detail.1688.com/offer/582853218768.html;;;;;;;;;;;;;;;;;;;;;;;;;;;;;;;;;;;;;;;;;;;;;;;;;;;;;;;;;;;;;;
义乌市晓茵电子商务商行;https://shop1373993624078.1688.com;8;31;https://detail.1688.com/offer/607617038202.html;;;;;;;;;;;;;;;;;;;;;;;;;;;;;;;;;;;;;;;;;;;;;;;;;;;;;;;;;;;;;;;;;;;;;;;;;68;https://detail.1688.com/offer/635549934472.html;;;;;;;;;;;;;;;;;;;;;79;https://detail.1688.com/offer/635389196189.html;;;;;;;;;84;https://detail.1688.com/offer/641505149239.html;85;https://detail.1688.com/offer/570804261979.html;;;;;88;https://detail.1688.com/offer/645136466387.html;;;;;;;92;https://detail.1688.com/offer/652565409838.html;93;https://detail.1688.com/offer/594516451805.html;;;;;;;;;;;;;;;;;;;;;;;;;;;;;;;;;;;;;;;;;;;;;;;;;;;;;;;;;;;;;;;;;;;;
义乌市张承炫电子商务商行;https://618pifa.1688.com;8;52;https://detail.1688.com/offer/564193130954.html;53;https://detail.1688.com/offer/536575506321.html;54;https://detail.1688.com/offer/572648437826.html;;;56;https://detail.1688.com/offer/564193130954.html;57;https://detail.1688.com/offer/655703678734.html;58;https://detail.1688.com/offer/655703678734.html;59;https://detail.1688.com/offer/38091767527.html;60;https://detail.1688.com/offer/655703678734.html;;;;;;;;;;;;;;;;;;;;;;;;;;;;;;;;;;;;;;;;;;;;;;;;;;;;;;;;;;;;;;;;;;;;;;;;;;;;;;;;;;;;;;;;;;;;;;;;;;;;;;;;;;;;;;;;;;;;;;;;;;;;;;;;;;;;;;;;;;;;;;;;;;;;;;;;;;;;;;;;;;;91;https://detail.1688.com/offer/655871434264.html;;;;;;;;;;;;
义乌市欧伊茜电子商务有限公司;https://shop409y2d7010521.1688.com;8;70;https://detail.1688.com/offer/571262806239.html;71;https://detail.1688.com/offer/651184518547.html;72;https://detail.1688.com/offer/589606779315.html;73;https://detail.1688.com/offer/589400154263.html;74;https://detail.1688.com/offer/589261037131.html;75;https://detail.1688.com/offer/568013977928.html;76;https://detail.1688.com/offer/651185346313.html;77;https://detail.1688.com/offer/648578668226.html;;;;;;;;;;;;;;;;;;;;;;;;;;;;;;;;;;;;;;;;;;;;;;;;;;;;;;;;;;;;;;;;;;;;;;;;;;;;;;;;;;;;;;;;;;;;;;;;;;;;;;;;;;;;;;;;;;;;;;;;;;;;;;;;;;;;;;;;;;;;;;;;;;;;;;;;;;;;;;;;;;;;;;;;;;;;;;;;;;
义乌市团铭电子商务有限公司;https://shop1393347193811.1688.com;8;70;https://detail.1688.com/offer/564728461489.html;71;https://detail.1688.com/offer/562846191693.html;72;https://detail.1688.com/offer/569970421151.html;73;https://detail.1688.com/offer/576858384129.html;74;https://detail.1688.com/offer/557575217764.html;75;https://detail.1688.com/offer/619495023144.html;76;https://detail.1688.com/offer/582222097689.html;77;https://detail.1688.com/offer/640962559199.html;;;;;;;;;;;;;;;;;;;;;;;;;;;;;;;;;;;;;;;;;;;;;;;;;;;;;;;;;;;;;;;;;;;;;;;;;;;;;;;;;;;;;;;;;;;;;;;;;;;;;;;;;;;;;;;;;;;;;;;;;;;;;;;;;;;;;;;;;;;;;;;;;;;;;;;;;;;;;;;;;;;;;;;;;;;;;;;;;;
义乌市麦浪电子商务有限公司;https://shop1488269626285.1688.com;8;70;https://detail.1688.com/offer/597050381146.html;71;https://detail.1688.com/offer/618498676311.html;72;https://detail.1688.com/offer/566269281829.html;73;https://detail.1688.com/offer/597050381146.html;74;https://detail.1688.com/offer/571169896275.html;75;https://detail.1688.com/offer/611834029221.html;76;https://detail.1688.com/offer/581776992877.html;77;https://detail.1688.com/offer/560518993369.html;;;;;;;;;;;;;;;;;;;;;;;;;;;;;;;;;;;;;;;;;;;;;;;;;;;;;;;;;;;;;;;;;;;;;;;;;;;;;;;;;;;;;;;;;;;;;;;;;;;;;;;;;;;;;;;;;;;;;;;;;;;;;;;;;;;;;;;;;;;;;;;;;;;;;;;;;;;;;;;;;;;;;;;;;;;;;;;;;;
义乌市烨贝饰品有限公司;https://yebeishipin.1688.com;8;81;https://detail.1688.com/offer/601955770126.html;;;83;https://detail.1688.com/offer/643577726878.html;;;85;https://detail.1688.com/offer/622401196618.html;;;;;;;;;90;https://detail.1688.com/offer/651176420368.html;91;https://detail.1688.com/offer/613475611326.html;92;https://detail.1688.com/offer/605646079056.html;93;https://detail.1688.com/offer/629956167957.html;;;;;;;97;https://detail.1688.com/offer/624995565158.html;;;;;;;;;;;;;;;;;;;;;;;;;;;;;;;;;;;;;;;;;;;;;;;;;;;;;;;;;;;;;;;;;;;;;;;;;;;;;;;;;;;;;;;;;;;;;;;;;;;;;;;;;;;;;;;;;;;;;;;;;;;;;;;;;;;;;;;;;;;;;;;;;;;;;;;;;;;;;;;;
义乌市韩饰界电子科技有限公司;https://shop343b88869jj94.1688.com;8;81;https://detail.1688.com/offer/598212639481.html;;;;;;;;;;;;;;;89;https://detail.1688.com/offer/651615420695.html;90;https://detail.1688.com/offer/636165851944.html;91;https://detail.1688.com/offer/642986675917.html;92;https://detail.1688.com/offer/587861954029.html;93;https://detail.1688.com/offer/589822916866.html;;;95;https://detail.1688.com/offer/642419357984.html;;;97;https://detail.1688.com/offer/590103989240.html;;;;;;;;;;;;;;;;;;;;;;;;;;;;;;;;;;;;;;;;;;;;;;;;;;;;;;;;;;;;;;;;;;;;;;;;;;;;;;;;;;;;;;;;;;;;;;;;;;;;;;;;;;;;;;;;;;;;;;;;;;;;;;;;;;;;;;;;;;;;;;;;;;;;;;;;;;;;;;;;
义乌市泰涞饰品有限公司;https://shop783094560m844.1688.com;7;1;https://detail.1688.com/offer/643806790950.html;;;;;4;https://detail.1688.com/offer/643806790950.html;5;https://detail.1688.com/offer/643806790950.html;6;https://detail.1688.com/offer/643806790950.html;;;8;https://detail.1688.com/offer/643806790950.html;;;10;https://detail.1688.com/offer/643806790950.html;;;;;;;;;;;;;17;https://detail.1688.com/offer/643806790950.html;;;;;;;;;;;;;;;;;;;;;;;;;;;;;;;;;;;;;;;;;;;;;;;;;;;;;;;;;;;;;;;;;;;;;;;;;;;;;;;;;;;;;;;;;;;;;;;;;;;;;;;;;;;;;;;;;;;;;;;;;;;;;;;;;;;;;;;;;;;;;;;;;;;;;;;;;;;;;;;;
义乌市霞米电子商务有限公司;https://ywxiami.1688.com;7;1;https://detail.1688.com/offer/40499851344.html;;;;;4;https://detail.1688.com/offer/521235114057.html;;;;;;;;;;;;;;;;;;;;;;;;;;;;;;;20;https://detail.1688.com/offer/620264475491.html;;;;;;;;;;;;;;;28;https://detail.1688.com/offer/619224539768.html;;;;;;;;;33;https://detail.1688.com/offer/590261763323.html;;;;;;;;;;;;;;;;;;;;;;;;;;;;;;;;;;;;;52;https://detail.1688.com/offer/543823886302.html;;;;;;;;;57;https://detail.1688.com/offer/543823886302.html;;;;;;;;;;;;;;;;;;;;;;;;;;;;;;;;;;;;;;;;;;;;;;;;;;;;;;;;;;;;;;;;;;;;;;;;;;;;;;;;
永定区仰楚牡百货商行;https://shop7815x68771184.1688.com;7;1;https://detail.1688.com/offer/644345691515.html;;;;;;;;;6;https://detail.1688.com/offer/644345691515.html;;;;;;;10;https://detail.1688.com/offer/644345691515.html;;;;;;;;;;;;;;;;;;;;;;;;;;;;;;;;;;;;;;;;;;;;;;;;;;;;;;;;;39;https://detail.1688.com/offer/649145069935.html;;;;;;;;;;;;;;;;;;;;;;;;;;;;;;;;;;;;;;;;;;;;;;;;;;;;;;;;;;;;;;;;;72;https://detail.1688.com/offer/643654081394.html;;;;;75;https://detail.1688.com/offer/644345803518.html;;;;;;;;;;;;;;;;;;;;;;;;;;;;;;;;;;;;;;;;;;;;
义乌市沐鸿饰品有限公司;https://shop1470070177775.1688.com;7;1;https://detail.1688.com/offer/645616144464.html;;;;;;;5;https://detail.1688.com/offer/645616144464.html;6;https://detail.1688.com/offer/645616144464.html;;;;;9;https://detail.1688.com/offer/654890746090.html;10;https://detail.1688.com/offer/645616144464.html;;;;;;;;;;;;;;;;;;;;;;;;;;;;;;;;;;;;;;;;;;;32;https://detail.1688.com/offer/654890746090.html;;;;;35;https://detail.1688.com/offer/654890746090.html;;;;;;;;;;;;;;;;;;;;;;;;;;;;;;;;;;;;;;;;;;;;;;;;;;;;;;;;;;;;;;;;;;;;;;;;;;;;;;;;;;;;;;;;;;;;;;;;;;;;;;;;;;;;;;;;;;;;;;;;;;;;
佛山市南海区良霖曦日用品厂;https://shop89170t7930511.1688.com;7;1;https://detail.1688.com/offer/642194542375.html;;;;;;;5;https://detail.1688.com/offer/652234818173.html;;;;;;;;;10;https://detail.1688.com/offer/642194542375.html;;;;;;;;;15;https://detail.1688.com/offer/649330422659.html;;;17;https://detail.1688.com/offer/652234818173.html;;;;;20;https://detail.1688.com/offer/652761363941.html;;;;;23;https://detail.1688.com/offer/651438432701.html;;;;;;;;;;;;;;;;;;;;;;;;;;;;;;;;;;;;;;;;;;;;;;;;;;;;;;;;;;;;;;;;;;;;;;;;;;;;;;;;;;;;;;;;;;;;;;;;;;;;;;;;;;;;;;;;;;;;;;;;;;;;;;;;;;;;;;;;;;;;;;;;;;;;
深圳市福田区盈大利建筑工程经营部;https://shop4f261c1007e33.1688.com;7;1;https://detail.1688.com/offer/655836486423.html;2;https://detail.1688.com/offer/655836486423.html;3;https://detail.1688.com/offer/655836486423.html;4;https://detail.1688.com/offer/655836486423.html;5;https://detail.1688.com/offer/655836486423.html;;;;;8;https://detail.1688.com/offer/655836486423.html;;;10;https://detail.1688.com/offer/655836486423.html;;;;;;;;;;;;;;;;;;;;;;;;;;;;;;;;;;;;;;;;;;;;;;;;;;;;;;;;;;;;;;;;;;;;;;;;;;;;;;;;;;;;;;;;;;;;;;;;;;;;;;;;;;;;;;;;;;;;;;;;;;;;;;;;;;;;;;;;;;;;;;;;;;;;;;;;;;;;;;;;;;;;;;;;;;;;;;
义乌市昕月饰品有限公司;https://xy8898.1688.com;7;1;https://detail.1688.com/offer/627187714371.html;2;https://detail.1688.com/offer/627187714371.html;3;https://detail.1688.com/offer/627187714371.html;;;;;6;https://detail.1688.com/offer/627078259319.html;;;;;9;https://detail.1688.com/offer/627078739187.html;;;;;;;;;;;;;;;;;;;;;;;;;;;;;;;;;;;;;;;;;;;;;32;https://detail.1688.com/offer/627302838041.html;;;;;35;https://detail.1688.com/offer/626176080042.html;;;;;;;;;;;;;;;;;;;;;;;;;;;;;;;;;;;;;;;;;;;;;;;;;;;;;;;;;;;;;;;;;;;;;;;;;;;;;;;;;;;;;;;;;;;;;;;;;;;;;;;;;;;;;;;;;;;;;;;;;;;;
义乌市隆伊贸易商行;https://shop43c6z53n37225.1688.com;7;1;https://detail.1688.com/offer/647383984149.html;;;;;4;https://detail.1688.com/offer/647383984149.html;5;https://detail.1688.com/offer/647383984149.html;6;https://detail.1688.com/offer/647383984149.html;;;8;https://detail.1688.com/offer/647383984149.html;9;https://detail.1688.com/offer/648336840854.html;;;;;;;;;;;;;;;;;;;;;;;;;;;;;;;;;;;;;;;;;;;;;;;;;;;;;;;;;;;;;;;;;;;;;;;;;;;;;;;;;;;;;;;;;;;;;;;;;;;;;;;;;;;;;;;;;;;;;;;;;;;;;;;;;;;;;;;;;;;;;;;;;;;;;;;;;;;;;;;;;;;;;;;;;;;;;;;;
义乌市纤迪饰品厂;https://meidijewelry.1688.com;7;1;https://detail.1688.com/offer/655017461800.html;;;;;;;;;;;;;;;;;;;;;;;;;;;;;;;;;;;;;;;;;;;23;https://detail.1688.com/offer/630920645289.html;;;;;;;;;;;29;https://detail.1688.com/offer/634961211516.html;;;;;32;https://detail.1688.com/offer/608953998012.html;;;;;;;;;;;;;;;;;;;;;;;;;;;46;https://detail.1688.com/offer/622368029791.html;;;;;;;;;;;;;;;;;;;;;;;;;;;;;;;;;;;;;;;;;;;;;;;;;;;;;;;;;75;https://detail.1688.com/offer/627652370280.html;;;;;;;;;;;;;;;;;;;;;;;;;;;;;;;;;;;;;;;;;;;;
义乌市沫妍贸易有限公司;https://shop4ny40974586i3.1688.com;7;1;https://detail.1688.com/offer/649718847200.html;;;;;;;;;;;;;8;https://detail.1688.com/offer/642380398103.html;;;;;;;;;;;;;;;;;17;https://detail.1688.com/offer/649718847200.html;;;;;;;;;22;https://detail.1688.com/offer/632259702377.html;23;https://detail.1688.com/offer/650763549685.html;;;25;https://detail.1688.com/offer/644686851993.html;;;;;;;;;;;;;;;;;;;;;;;;;;;39;https://detail.1688.com/offer/639024417101.html;;;;;;;;;;;;;;;;;;;;;;;;;;;;;;;;;;;;;;;;;;;;;;;;;;;;;;;;;;;;;;;;;;;;;;;;;;;;;;;;;;;;;;;;;;;;;;;;;;;;;;;;;;;;;;;;;;;;
新罗区岛雯百货商行;https://shop95h0800568773.1688.com;7;1;https://detail.1688.com/offer/652279800425.html;;;;;;;;;;;;;;;;;;;;;;;;;;;;;;;;;18;https://detail.1688.com/offer/651067049085.html;;;20;https://detail.1688.com/offer/651067049085.html;;;;;;;;;;;;;;;;;;;;;;;;;;;;;;;;;;;38;https://detail.1688.com/offer/651353326746.html;;;;;;;;;;;;;;;;;;;;;;;;;;;52;https://detail.1688.com/offer/649612337571.html;;;;;;;;;57;https://detail.1688.com/offer/649612337571.html;;;;;;;;;;;;;;;;;;;;;;;;;;;;;;;;;;;;;;;;;;;;;;;;;;;;;;;;;;;;;;;;;;;;;;;;;;;;;;;;
新罗区化楼百货商行;https://shop579653hx58f03.1688.com;7;1;https://detail.1688.com/offer/650692924150.html;2;https://detail.1688.com/offer/652817371532.html;;;;;5;https://detail.1688.com/offer/652817371532.html;;;;;;;;;;;;;;;;;;;;;;;;;;;;;;;;;;;;;;;;;26;https://detail.1688.com/offer/654650571570.html;;;;;;;;;;;;;;;;;;;;;;;;;39;https://detail.1688.com/offer/653829226523.html;40;https://detail.1688.com/offer/651720186864.html;;;;;;;44;https://detail.1688.com/offer/653071682344.html;;;;;;;;;;;;;;;;;;;;;;;;;;;;;;;;;;;;;;;;;;;;;;;;;;;;;;;;;;;;;;;;;;;;;;;;;;;;;;;;;;;;;;;;;;;;;;;;;;;;;;;;;;
义乌市伦婷电子商务商行;https://shop1430042387596.1688.com;7;1;https://detail.1688.com/offer/573882427012.html;2;https://detail.1688.com/offer/573882427012.html;3;https://detail.1688.com/offer/573882427012.html;4;https://detail.1688.com/offer/573882427012.html;5;https://detail.1688.com/offer/573882427012.html;;;;;;;;;;;;;;;;;;;;;;;;;;;;;;;;;;;;;;;;;;;;;;;;;;;;;;;;;;;;;;;;;;;;;;;;;42;https://detail.1688.com/offer/540339216778.html;;;;;;;;;;;;;;;;;;;;;;;;;;;;;;;;;;;;;;;;;;;;;;;;;;;;;;;;;;;;;;;;;;;76;https://detail.1688.com/offer/589407898226.html;;;;;;;;;;;;;;;;;;;;;;;;;;;;;;;;;;;;;;;;;;
义乌市诺苑电子商务商行;https://shop235t521258tu1.1688.com;7;1;https://detail.1688.com/offer/630620878502.html;2;https://detail.1688.com/offer/632337525965.html;3;https://detail.1688.com/offer/632648910901.html;;;5;https://detail.1688.com/offer/617053950601.html;;;;;8;https://detail.1688.com/offer/622160857966.html;;;;;11;https://detail.1688.com/offer/616507140783.html;;;;;;;;;;;;;;;;;;;;;;;;;;;;;;;;;;;;;;;;;;;33;https://detail.1688.com/offer/617053950601.html;;;;;;;;;;;;;;;;;;;;;;;;;;;;;;;;;;;;;;;;;;;;;;;;;;;;;;;;;;;;;;;;;;;;;;;;;;;;;;;;;;;;;;;;;;;;;;;;;;;;;;;;;;;;;;;;;90;https://detail.1688.com/offer/641583224483.html;;;;;;;;;;;;;;
义乌市伟雄箱包有限公司;https://weixiongsp.1688.com;7;1;https://detail.1688.com/offer/622185422529.html;2;https://detail.1688.com/offer/615150452070.html;3;https://detail.1688.com/offer/610154374662.html;;;5;https://detail.1688.com/offer/616173629231.html;;;;;;;;;10;https://detail.1688.com/offer/603140930712.html;;;12;https://detail.1688.com/offer/622185422529.html;;;;;;;;;;;;;;;;;;;;;;;;;;;;;;;;;;;;;;;;;33;https://detail.1688.com/offer/616173629231.html;;;;;;;;;;;;;;;;;;;;;;;;;;;;;;;;;;;;;;;;;;;;;;;;;;;;;;;;;;;;;;;;;;;;;;;;;;;;;;;;;;;;;;;;;;;;;;;;;;;;;;;;;;;;;;;;;;;;;;;;;;;;;;;;
义乌市速泰贸易有限公司;https://ywsutai.1688.com;7;1;https://detail.1688.com/offer/651905931414.html;;;;;;;5;https://detail.1688.com/offer/651905931414.html;6;https://detail.1688.com/offer/651905931414.html;;;8;https://detail.1688.com/offer/652383758964.html;;;10;https://detail.1688.com/offer/635366102056.html;;;;;;;;;;;;;17;https://detail.1688.com/offer/651905931414.html;;;;;;;;;;;23;https://detail.1688.com/offer/627417039829.html;;;;;;;;;;;;;;;;;;;;;;;;;;;;;;;;;;;;;;;;;;;;;;;;;;;;;;;;;;;;;;;;;;;;;;;;;;;;;;;;;;;;;;;;;;;;;;;;;;;;;;;;;;;;;;;;;;;;;82;https://detail.1688.com/offer/641542726701.html;;;;;;;;;;;;;;;;;;;;;;;;;;;;;;
永定区翘雪密百货店;https://shop1229441740g66.1688.com;7;15;https://detail.1688.com/offer/642057880874.html;;;;;18;https://detail.1688.com/offer/642058800630.html;;;;;21;https://detail.1688.com/offer/642786330785.html;;;23;https://detail.1688.com/offer/642058328825.html;;;;;26;https://detail.1688.com/offer/642786622770.html;;;;;;;;;;;;;;;34;https://detail.1688.com/offer/641582232187.html;;;;;;;;;39;https://detail.1688.com/offer/642439745583.html;;;;;;;;;;;;;;;;;;;;;;;;;;;;;;;;;;;;;;;;;;;;;;;;;;;;;;;;;;;;;;;;;;;;;;;;;;;;;;;;;;;;;;;;;;;;;;;;;;;;;;;;;;;;;;;;;;;;;;;;;;;;;;;;;;;91;https://detail.1688.com/offer/649752573492.html;;;;;;;;;;;;
义乌市予画贸易有限公司;https://hancan.1688.com;7;18;https://detail.1688.com/offer/616893790291.html;19;https://detail.1688.com/offer/617361915262.html;20;https://detail.1688.com/offer/617361915262.html;21;https://detail.1688.com/offer/616893790291.html;;;;;;;;;;;;;;;;;;;;;;;33;https://detail.1688.com/offer/522101813324.html;;;;;;;;;;;;;;;;;;;;;;;;;;;;;;;49;https://detail.1688.com/offer/614006701956.html;50;https://detail.1688.com/offer/631233509402.html;;;;;;;;;;;;;;;;;;;;;;;;;;;;;;;;;;;;;;;;;;;;;;;;;;;;;;;;;;;;;;;;;;;;;;;;;;;;;;;;;;;;;;;;;;;;;;;;;;;;;;;;;;;;;;;;;;;;;;;;;;;;;;;;
义乌市铎铃电子商务商行;https://darling8861.1688.com;7;25;https://detail.1688.com/offer/598284119539.html;26;https://detail.1688.com/offer/614259141480.html;;;28;https://detail.1688.com/offer/597906789897.html;29;https://detail.1688.com/offer/614500711622.html;;;31;https://detail.1688.com/offer/613937513661.html;;;;;;;35;https://detail.1688.com/offer/613822253027.html;;;;;;;;;40;https://detail.1688.com/offer/615345368011.html;;;;;;;;;;;;;;;;;;;;;;;;;;;;;;;;;;;;;;;;;;;;;;;;;;;;;;;;;;;;;;;;;;;;;;;;;;;;;;;;;;;;;;;;;;;;;;;;;;;;;;;;;;;;;;;;;;;;;;;;;;;;;;;;;;;;;;;;;;;;;;;;;;;;;;;;;;;;;;;;;;
义乌市乐钰饰品厂;https://kdsby.1688.com;7;46;https://detail.1688.com/offer/45655765460.html;;;;;;;;;;;;;;;;;;;;;;;;;;;;;;;;;;;;;;;;;67;https://detail.1688.com/offer/567013293948.html;;;;;;;;;;;;;;;;;;;;;;;79;https://detail.1688.com/offer/603742381540.html;;;81;https://detail.1688.com/offer/575305754361.html;;;83;https://detail.1688.com/offer/603396115280.html;;;;;;;;;88;https://detail.1688.com/offer/624987324868.html;;;90;https://detail.1688.com/offer/626317180012.html;;;;;;;;;;;;;;;;;;;;;;;;;;;;;;;;;;;;;;;;;;;;;;;;;;;;;;;;;;;;;;;;;;;;;;;;;;;;;;;;;;;;;;;;;;;;;;;;;;;;;;;;
义乌市顾暖工艺品厂;https://shop1419439531540.1688.com;7;52;https://detail.1688.com/offer/555384324907.html;53;https://detail.1688.com/offer/606794436933.html;54;https://detail.1688.com/offer/555384324907.html;;;56;https://detail.1688.com/offer/606794436933.html;;;58;https://detail.1688.com/offer/643488190621.html;59;https://detail.1688.com/offer/555606286635.html;;;61;https://detail.1688.com/offer/555384324907.html;;;;;;;;;;;;;;;;;;;;;;;;;;;;;;;;;;;;;;;;;;;;;;;;;;;;;;;;;;;;;;;;;;;;;;;;;;;;;;;;;;;;;;;;;;;;;;;;;;;;;;;;;;;;;;;;;;;;;;;;;;;;;;;;;;;;;;;;;;;;;;;;;;;;;;;;;;;;;;;;;;;;;;;;;;;;;;
义乌市改华电子商务商行;https://fcflower.1688.com;7;53;https://detail.1688.com/offer/596180479196.html;54;https://detail.1688.com/offer/578832095449.html;55;https://detail.1688.com/offer/596180479196.html;56;https://detail.1688.com/offer/578413460061.html;;;;;59;https://detail.1688.com/offer/614396917865.html;60;https://detail.1688.com/offer/596180479196.html;61;https://detail.1688.com/offer/596180479196.html;;;;;;;;;;;;;;;;;;;;;;;;;;;;;;;;;;;;;;;;;;;;;;;;;;;;;;;;;;;;;;;;;;;;;;;;;;;;;;;;;;;;;;;;;;;;;;;;;;;;;;;;;;;;;;;;;;;;;;;;;;;;;;;;;;;;;;;;;;;;;;;;;;;;;;;;;;;;;;;;;;;;;;;;;;;;;;;;
金华市娇艳饰品有限公司;https://jiaoyanshipin.1688.com;7;53;https://detail.1688.com/offer/645850293818.html;;;55;https://detail.1688.com/offer/571278448323.html;56;https://detail.1688.com/offer/571780181131.html;;;58;https://detail.1688.com/offer/606837864443.html;59;https://detail.1688.com/offer/631711434729.html;60;https://detail.1688.com/offer/631711434729.html;61;https://detail.1688.com/offer/585177168240.html;;;;;;;;;;;;;;;;;;;;;;;;;;;;;;;;;;;;;;;;;;;;;;;;;;;;;;;;;;;;;;;;;;;;;;;;;;;;;;;;;;;;;;;;;;;;;;;;;;;;;;;;;;;;;;;;;;;;;;;;;;;;;;;;;;;;;;;;;;;;;;;;;;;;;;;;;;;;;;;;;;;;;;;;;;;;;;;;
义乌市威扬饰品有限公司;https://weiyangsp.1688.com;7;80;https://detail.1688.com/offer/43675276925.html;;;82;https://detail.1688.com/offer/554544238038.html;83;https://detail.1688.com/offer/581264171521.html;;;;;;;;;;;;;90;https://detail.1688.com/offer/625649828659.html;;;92;https://detail.1688.com/offer/599874052027.html;93;https://detail.1688.com/offer/43509187185.html;;;95;https://detail.1688.com/offer/570517435873.html;;;;;;;;;;;;;;;;;;;;;;;;;;;;;;;;;;;;;;;;;;;;;;;;;;;;;;;;;;;;;;;;;;;;;;;;;;;;;;;;;;;;;;;;;;;;;;;;;;;;;;;;;;;;;;;;;;;;;;;;;;;;;;;;;;;;;;;;;;;;;;;;;;;;;;;;;;;;;;;;;;
义乌市可仁饰品有限公司;https://hyssmy.1688.com;7;81;https://detail.1688.com/offer/589783026718.html;;;;;;;85;https://detail.1688.com/offer/573456297112.html;;;;;88;https://detail.1688.com/offer/610820135184.html;;;90;https://detail.1688.com/offer/621728012504.html;;;92;https://detail.1688.com/offer/541667978352.html;93;https://detail.1688.com/offer/537814753594.html;;;;;;;97;https://detail.1688.com/offer/603361324730.html;;;;;;;;;;;;;;;;;;;;;;;;;;;;;;;;;;;;;;;;;;;;;;;;;;;;;;;;;;;;;;;;;;;;;;;;;;;;;;;;;;;;;;;;;;;;;;;;;;;;;;;;;;;;;;;;;;;;;;;;;;;;;;;;;;;;;;;;;;;;;;;;;;;;;;;;;;;;;;;;
余江区玉祥冠经营部;https://shop58999447265h8.1688.com;6;1;https://detail.1688.com/offer/653986131744.html;;;;;4;https://detail.1688.com/offer/654506320834.html;5;https://detail.1688.com/offer/653986131744.html;6;https://detail.1688.com/offer/653986131744.html;;;;;;;;;;;;;;;;;;;;;;;18;https://detail.1688.com/offer/655290415715.html;;;20;https://detail.1688.com/offer/655290415715.html;;;;;;;;;;;;;;;;;;;;;;;;;;;;;;;;;;;;;;;;;;;;;;;;;;;;;;;;;;;;;;;;;;;;;;;;;;;;;;;;;;;;;;;;;;;;;;;;;;;;;;;;;;;;;;;;;;;;;;;;;;;;;;;;;;;;;;;;;;;;;;;;;;;;;;;;;;
义乌市杰佑贸易有限公司;https://shop2091807f24b12.1688.com;6;1;https://detail.1688.com/offer/597492408256.html;;;;;;;5;https://detail.1688.com/offer/597492408256.html;6;https://detail.1688.com/offer/597492408256.html;7;https://detail.1688.com/offer/597492408256.html;;;;;;;;;;;;;;;;;;;;;;;;;;;;;;;;;;;;;;;;;;;;;;;;;;;;;34;https://detail.1688.com/offer/599363806371.html;35;https://detail.1688.com/offer/600570345482.html;;;;;;;;;;;;;;;;;;;;;;;;;;;;;;;;;;;;;;;;;;;;;;;;;;;;;;;;;;;;;;;;;;;;;;;;;;;;;;;;;;;;;;;;;;;;;;;;;;;;;;;;;;;;;;;;;;;;;;;;;;;;
玉林市玉州区金天佛百货店;https://shop605e43j51a219.1688.com;6;1;https://detail.1688.com/offer/644708149095.html;;;;;;;;;6;https://detail.1688.com/offer/644708149095.html;;;;;;;;;;;12;https://detail.1688.com/offer/644920602371.html;;;;;;;16;https://detail.1688.com/offer/644569289307.html;;;;;;;;;;;;;;;;;;;;;;;;;;;;;;;;;;;;;;;;;;;;;;;;;;;;;43;https://detail.1688.com/offer/644677606546.html;;;;;;;47;https://detail.1688.com/offer/643992388415.html;;;;;;;;;;;;;;;;;;;;;;;;;;;;;;;;;;;;;;;;;;;;;;;;;;;;;;;;;;;;;;;;;;;;;;;;;;;;;;;;;;;;;;;;;;;;;;;;;;;;
义乌市茹丹饰品有限公司;https://rudanshipin.1688.com;6;1;https://detail.1688.com/offer/620304128230.html;;;;;;;;;;;;;;;;;;;;;;;;;;;;;;;;;;;;;;;21;https://detail.1688.com/offer/624253913846.html;;;;;24;https://detail.1688.com/offer/595130118007.html;25;https://detail.1688.com/offer/622177318920.html;;;;;;;;;;;;;32;https://detail.1688.com/offer/623413578459.html;;;;;;;;;;;;;;;40;https://detail.1688.com/offer/619635349504.html;;;;;;;;;;;;;;;;;;;;;;;;;;;;;;;;;;;;;;;;;;;;;;;;;;;;;;;;;;;;;;;;;;;;;;;;;;;;;;;;;;;;;;;84;https://detail.1688.com/offer/645242241787.html;;;;;;;;;;;;;;;;;;;;;;;;;;
青岛姜艺轩商贸有限公司;https://shop00bc73c213589.1688.com;6;1;https://detail.1688.com/offer/618106609293.html;;;;;;;5;https://detail.1688.com/offer/618106609293.html;;;7;https://detail.1688.com/offer/641912508686.html;;;9;https://detail.1688.com/offer/618637667625.html;;;;;;;;;;;15;https://detail.1688.com/offer/622873901554.html;;;;;;;;;;;;;;;;;;;;;;;;;;;;;;;;;;;33;https://detail.1688.com/offer/618106609293.html;;;;;;;;;;;;;;;;;;;;;;;;;;;;;;;;;;;;;;;;;;;;;;;;;;;;;;;;;;;;;;;;;;;;;;;;;;;;;;;;;;;;;;;;;;;;;;;;;;;;;;;;;;;;;;;;;;;;;;;;;;;;;;;;
海口龙华区申业贸易商行;https://shop58119d2936269.1688.com;6;1;https://detail.1688.com/offer/652486996761.html;;;;;4;https://detail.1688.com/offer/652486996761.html;5;https://detail.1688.com/offer/652486996761.html;6;https://detail.1688.com/offer/652486996761.html;;;8;https://detail.1688.com/offer/652486996761.html;;;;;;;;;;;;;;;;;;;;;;;;;;;;;;;;;;;;;;;;;;;;;;;;;;;34;https://detail.1688.com/offer/652980042383.html;;;;;;;;;;;;;;;;;;;;;;;;;;;;;;;;;;;;;;;;;;;;;;;;;;;;;;;;;;;;;;;;;;;;;;;;;;;;;;;;;;;;;;;;;;;;;;;;;;;;;;;;;;;;;;;;;;;;;;;;;;;;;;
鄱阳县东慕卉服装店;https://shop3864x0705m0s5.1688.com;6;1;https://detail.1688.com/offer/652497362105.html;;;;;;;;;;;;;;;;;;;;;;;;;14;https://detail.1688.com/offer/652876943902.html;;;;;17;https://detail.1688.com/offer/652497362105.html;;;;;;;;;;;;;;;;;26;https://detail.1688.com/offer/652876943902.html;;;;;29;https://detail.1688.com/offer/654114558487.html;;;31;https://detail.1688.com/offer/652002004614.html;;;;;;;;;;;;;;;;;;;;;;;;;;;;;;;;;;;;;;;;;;;;;;;;;;;;;;;;;;;;;;;;;;;;;;;;;;;;;;;;;;;;;;;;;;;;;;;;;;;;;;;;;;;;;;;;;;;;;;;;;;;;;;;;;;;;
余江区林查班商贸商行;https://shop32920nrr55572.1688.com;6;1;https://detail.1688.com/offer/653537668497.html;2;https://detail.1688.com/offer/653537668497.html;;;;;;;6;https://detail.1688.com/offer/653537668497.html;;;;;;;;;;;;;;;;;;;;;17;https://detail.1688.com/offer/653537668497.html;;;;;;;;;;;;;;;;;26;https://detail.1688.com/offer/652774200591.html;;;;;;;;;;;;;;;;;;;;;;;;;;;;;;;;;;;;;;;46;https://detail.1688.com/offer/654214915344.html;;;;;;;;;;;;;;;;;;;;;;;;;;;;;;;;;;;;;;;;;;;;;;;;;;;;;;;;;;;;;;;;;;;;;;;;;;;;;;;;;;;;;;;;;;;;;;;;;;;;;;
义乌市亦舒饰品有限公司;https://shop446f2f7150a94.1688.com;6;1;https://detail.1688.com/offer/614379397062.html;;;;;;;;;;;;;;;9;https://detail.1688.com/offer/611282720488.html;;;;;;;;;;;15;https://detail.1688.com/offer/607983891298.html;;;;;;;;;;;;;;;;;;;;;;;;;;;29;https://detail.1688.com/offer/609364713878.html;;;;;32;https://detail.1688.com/offer/607983891298.html;;;;;35;https://detail.1688.com/offer/607983891298.html;;;;;;;;;;;;;;;;;;;;;;;;;;;;;;;;;;;;;;;;;;;;;;;;;;;;;;;;;;;;;;;;;;;;;;;;;;;;;;;;;;;;;;;;;;;;;;;;;;;;;;;;;;;;;;;;;;;;;;;;;;;;
余江区海余商贸商行;https://shop13y173h8z7791.1688.com;6;1;https://detail.1688.com/offer/652023793837.html;;;;;;;;;;;;;;;;;;;;;;;;;;;;;16;https://detail.1688.com/offer/654151302877.html;;;;;;;;;;;;;;;;;;;26;https://detail.1688.com/offer/654848950979.html;;;;;;;;;;;;;33;https://detail.1688.com/offer/652174878315.html;;;;;;;;;;;39;https://detail.1688.com/offer/652461029616.html;40;https://detail.1688.com/offer/651686053318.html;;;;;;;;;;;;;;;;;;;;;;;;;;;;;;;;;;;;;;;;;;;;;;;;;;;;;;;;;;;;;;;;;;;;;;;;;;;;;;;;;;;;;;;;;;;;;;;;;;;;;;;;;;;;;;;;;;
义乌市嫣婼电子商务商行;https://shop852d540122v04.1688.com;6;1;https://detail.1688.com/offer/649245311428.html;;;;;;;;;;;7;https://detail.1688.com/offer/649245311428.html;;;;;;;;;12;https://detail.1688.com/offer/646390610021.html;;;;;;;;;;;;;;;;;;;;;;;;;;;;;;;;;;;;;;;;;;;;;;;;;;;;;;;;;;;;;;;;;;;;;;;;;;;;;;;;;;;;;;;;;;;;;;;;;;;;;;;;;;;;;;;;;;;;;;;;;;;;;;;;;;;78;https://detail.1688.com/offer/571672722592.html;;;;;;;;;;;;;;;;;;;;;;;;;;;;;;;;;;;;;;
义乌市东畔饰品有限公司;https://donpan.1688.com;6;1;https://detail.1688.com/offer/624830591902.html;2;https://detail.1688.com/offer/629326030132.html;3;https://detail.1688.com/offer/629326030132.html;;;;;;;7;https://detail.1688.com/offer/626741281729.html;;;;;10;https://detail.1688.com/offer/624828425930.html;;;;;;;;;;;;;;;;;;;;;;;;;;;;;;;;;;;;;;;;;;;;;;;34;https://detail.1688.com/offer/578001000297.html;;;;;;;;;;;;;;;;;;;;;;;;;;;;;;;;;;;;;;;;;;;;;;;;;;;;;;;;;;;;;;;;;;;;;;;;;;;;;;;;;;;;;;;;;;;;;;;;;;;;;;;;;;;;;;;;;;;;;;;;;;;;;;
义乌市季慈饰品有限公司;https://shop1464368196529.1688.com;6;1;https://detail.1688.com/offer/568290518239.html;;;;;4;https://detail.1688.com/offer/584396602899.html;5;https://detail.1688.com/offer/568290518239.html;6;https://detail.1688.com/offer/568290518239.html;;;;;;;10;https://detail.1688.com/offer/584396602899.html;;;12;https://detail.1688.com/offer/567209520720.html;;;;;;;;;;;;;;;;;;;;;;;;;;;;;;;;;;;;;;;;;;;;;;;;;;;;;;;;;;;;;;;;;;;;;;;;;;;;;;;;;;;;;;;;;;;;;;;;;;;;;;;;;;;;;;;;;;;;;;;;;;;;;;;;;;;;;;;;;;;;;;;;;;;;;;;;;;;;;;;;;;;;;;;;;;
义乌市曹邦电子商务商行;https://shop7d957204336a0.1688.com;6;1;https://detail.1688.com/offer/653624836620.html;2;https://detail.1688.com/offer/654611896950.html;;;;;;;;;;;;;;;;;;;;;;;;;;;;;;;;;;;;;;;;;;;;;;;;;;;;;;;;;;;;;;;34;https://detail.1688.com/offer/655397651192.html;;;36;https://detail.1688.com/offer/656390899481.html;;;;;;;;;41;https://detail.1688.com/offer/654463647251.html;;;;;;;;;;;;;;;;;;;;;;;;;;;;;;;;;;;;;;;61;https://detail.1688.com/offer/654461679310.html;;;;;;;;;;;;;;;;;;;;;;;;;;;;;;;;;;;;;;;;;;;;;;;;;;;;;;;;;;;;;;;;;;;;;;;;
义乌市两悦饰品有限公司;https://shop9072180219y22.1688.com;6;1;https://detail.1688.com/offer/655461146749.html;2;https://detail.1688.com/offer/654595269674.html;;;;;;;;;;;;;;;;;;;12;https://detail.1688.com/offer/655461146749.html;;;;;;;;;17;https://detail.1688.com/offer/655205129971.html;;;19;https://detail.1688.com/offer/655636111038.html;;;21;https://detail.1688.com/offer/655636111038.html;;;;;;;;;;;;;;;;;;;;;;;;;;;;;;;;;;;;;;;;;;;;;;;;;;;;;;;;;;;;;;;;;;;;;;;;;;;;;;;;;;;;;;;;;;;;;;;;;;;;;;;;;;;;;;;;;;;;;;;;;;;;;;;;;;;;;;;;;;;;;;;;;;;;;;;;
余江区浩柏经营部;https://shop9539467u00j40.1688.com;6;1;https://detail.1688.com/offer/654167515414.html;;;;;;;;;;;;;;;;;;;;;;;;;;;15;https://detail.1688.com/offer/654716981568.html;;;;;;;;;;;;;;;;;24;https://detail.1688.com/offer/654695024250.html;;;;;;;;;29;https://detail.1688.com/offer/653525160939.html;;;;;32;https://detail.1688.com/offer/654164411966.html;;;;;;;;;;;;;;;;;;;;;;;44;https://detail.1688.com/offer/654575884696.html;;;;;;;;;;;;;;;;;;;;;;;;;;;;;;;;;;;;;;;;;;;;;;;;;;;;;;;;;;;;;;;;;;;;;;;;;;;;;;;;;;;;;;;;;;;;;;;;;;;;;;;;;;
义乌市隽俏饰品有限公司;https://junqiaoshipin.1688.com;6;1;https://detail.1688.com/offer/554736319307.html;2;https://detail.1688.com/offer/554736319307.html;3;https://detail.1688.com/offer/554736319307.html;;;;;6;https://detail.1688.com/offer/554736319307.html;;;;;;;;;;;12;https://detail.1688.com/offer/537601196896.html;;;;;15;https://detail.1688.com/offer/650773947321.html;;;;;;;;;;;;;;;;;;;;;;;;;;;;;;;;;;;;;;;;;;;;;;;;;;;;;;;;;;;;;;;;;;;;;;;;;;;;;;;;;;;;;;;;;;;;;;;;;;;;;;;;;;;;;;;;;;;;;;;;;;;;;;;;;;;;;;;;;;;;;;;;;;;;;;;;;;;;;;;;;;;;
义乌市昕虹饰品有限公司;https://shop9vx1897482474.1688.com;6;1;https://detail.1688.com/offer/644149768375.html;;;;;;;;;;;7;https://detail.1688.com/offer/647692251072.html;;;;;;;;;12;https://detail.1688.com/offer/644149768375.html;;;;;;;;;;;18;https://detail.1688.com/offer/644669441612.html;19;https://detail.1688.com/offer/644669441612.html;;;21;https://detail.1688.com/offer/644721840565.html;;;;;;;;;;;;;;;;;;;;;;;;;;;;;;;;;;;;;;;;;;;;;;;;;;;;;;;;;;;;;;;;;;;;;;;;;;;;;;;;;;;;;;;;;;;;;;;;;;;;;;;;;;;;;;;;;;;;;;;;;;;;;;;;;;;;;;;;;;;;;;;;;;;;;;;;
义乌市鹿迪贸易有限公司;https://shop1427820479880.1688.com;6;1;https://detail.1688.com/offer/559943351207.html;;;;;;;5;https://detail.1688.com/offer/559943351207.html;6;https://detail.1688.com/offer/559943351207.html;;;;;;;10;https://detail.1688.com/offer/559943351207.html;;;;;13;https://detail.1688.com/offer/626071857056.html;;;;;;;;;;;;;;;;;;;;;;;;;;;;;;;;;;;;;;;;;;;;;;;37;https://detail.1688.com/offer/625146920759.html;;;;;;;;;;;;;;;;;;;;;;;;;;;;;;;;;;;;;;;;;;;;;;;;;;;;;;;;;;;;;;;;;;;;;;;;;;;;;;;;;;;;;;;;;;;;;;;;;;;;;;;;;;;;;;;;;;;;;;;;
玉林市玉州区镂波百货店;https://shop0417572hn0955.1688.com;6;1;https://detail.1688.com/offer/645111827224.html;;;;;;;5;https://detail.1688.com/offer/645111827224.html;6;https://detail.1688.com/offer/645111827224.html;;;;;;;;;;;12;https://detail.1688.com/offer/643989824951.html;;;;;;;;;17;https://detail.1688.com/offer/645111827224.html;;;;;;;;;;;;;;;;;;;;;;;;;;;;;;;33;https://detail.1688.com/offer/650503271323.html;;;;;;;;;;;;;;;;;;;;;;;;;;;;;;;;;;;;;;;;;;;;;;;;;;;;;;;;;;;;;;;;;;;;;;;;;;;;;;;;;;;;;;;;;;;;;;;;;;;;;;;;;;;;;;;;;;;;;;;;;;;;;;;;
新沂市格沃家居用品经营部;https://shop646640152r172.1688.com;6;1;https://detail.1688.com/offer/655612286286.html;;;;;4;https://detail.1688.com/offer/655612286286.html;5;https://detail.1688.com/offer/655612286286.html;6;https://detail.1688.com/offer/655612286286.html;;;8;https://detail.1688.com/offer/655612286286.html;;;;;;;;;;;;;;;;;17;https://detail.1688.com/offer/655612286286.html;;;;;;;;;;;;;;;;;;;;;;;;;;;;;;;;;;;;;;;;;;;;;;;;;;;;;;;;;;;;;;;;;;;;;;;;;;;;;;;;;;;;;;;;;;;;;;;;;;;;;;;;;;;;;;;;;;;;;;;;;;;;;;;;;;;;;84;https://detail.1688.com/offer/644137855170.html;;;;;;;;;;;;;;;;;;;;;95;https://detail.1688.com/offer/653176375329.html;;;;
新罗区建汇百货商行;https://shop11bb159v11932.1688.com;6;1;https://detail.1688.com/offer/650865138286.html;;;;;4;https://detail.1688.com/offer/650865138286.html;5;https://detail.1688.com/offer/650865138286.html;6;https://detail.1688.com/offer/650865138286.html;;;;;;;;;;;;;;;;;;;;;;;;;;;;;;;;;;;;;;;;;;;;;;;;;31;https://detail.1688.com/offer/650190037969.html;;;;;;;;;;;;;;;;;40;https://detail.1688.com/offer/650473204007.html;;;;;;;;;;;;;;;;;;;;;;;;;;;;;;;;;;;;;;;;;;;;;;;;;;;;;;;;;;;;;;;;;;;;;;;;;;;;;;;;;;;;;;;;;;;;;;;;;;;;;;;;;;;;;;;;;;
广州阁艺鑫工艺品商行;https://shop6237n16y32263.1688.com;6;1;https://detail.1688.com/offer/619030477292.html;;;;;;;5;https://detail.1688.com/offer/619030477292.html;;;;;;;;;;;;;12;https://detail.1688.com/offer/619692906784.html;;;;;;;;;17;https://detail.1688.com/offer/619030477292.html;;;;;;;;;;;;;;;;;;;;;;;;;;;;;;;33;https://detail.1688.com/offer/619555903645.html;;;;;;;;;;;;;;;;;;;;;;;;;;;;;;;;;;;;;;;;;;;;;;;;;;;;;;;;;;;;;;;;;;;;;68;https://detail.1688.com/offer/619030173245.html;;;;;;;;;;;;;;;;;;;;;;;;;;;;;;;;;;;;;;;;;;;;;;;;;;;;;;;;;;
义乌市漱也电子商务商行;https://shop75050556z99w6.1688.com;6;15;https://detail.1688.com/offer/653124490427.html;;;;;;;;;;;;;;;;;;;;;;;;;;;;;;;;;;;;;34;https://detail.1688.com/offer/654672749651.html;;;;;;;;;;;;;41;https://detail.1688.com/offer/655444023134.html;42;https://detail.1688.com/offer/656082367827.html;;;;;;;;;;;;;;;;;;;;;;;;;;;;;;;;;;;;;;;;;;;;;;;;;;;;;;;;;;;;;;;;;;;;;;;;;;;;;;;;;;;84;https://detail.1688.com/offer/653661685664.html;85;https://detail.1688.com/offer/653227736603.html;;;;;;;;;;;;;;;;;;;;;;;;;;;;;;;;;;;;;;;;;;;;;;;;;;;;
合肥市霸桑商贸有限责任公司;https://shop38n9i31r37493.1688.com;6;15;https://detail.1688.com/offer/655263545375.html;16;https://detail.1688.com/offer/656032571720.html;;;;;;;;;;;;;;;;;;;;;;;;;;;;;;;;;;;;;;;;;;;;;;;;;;;;;;;;;;;;;;;;;;;;;;;;;53;https://detail.1688.com/offer/656032447112.html;54;https://detail.1688.com/offer/656032447112.html;;;;;;;;;;;;;61;https://detail.1688.com/offer/656032447112.html;;;;;;;;;;;;;;;;;;;;;;;;;;;;;;;;;;;;;;;;;;;;;;;85;https://detail.1688.com/offer/654901344297.html;;;;;;;;;;;;;;;;;;;;;;;;;;;;;;;;;;;89;https://detail.1688.com/offer/647252485921.html;;;91;https://detail.1688.com/offer/646570902865.html;;;;;;;;;;;;
鄱阳县肇施珠宝店;https://shop44u7018356955.1688.com;6;18;https://detail.1688.com/offer/654235211146.html;;;;;;;;;;;;;;;;;;;;;;;;;;;;;;;34;https://detail.1688.com/offer/652734961003.html;;;;;;;;;;;40;https://detail.1688.com/offer/654651932197.html;;;;;;;;;;;;;;;;;;;;;51;https://detail.1688.com/offer/654833442345.html;;;;;;;55;https://detail.1688.com/offer/651190990902.html;;;;;;;;;;;;;;;;;;;;;;;;;;;;;;;;;;;;;;;75;https://detail.1688.com/offer/655468526352.html;;;;;;;;;;;;;;;;;;;;;;;;;;;;;;;;;;;;;;;;;;;;;81;https://detail.1688.com/offer/597363784758.html;;;;;;;;;;;;;;;;;90;https://detail.1688.com/offer/618681241640.html;;;;;;;;;;;;;;
义乌筑京电子商务商行;https://shop2498h775o9929.1688.com;6;45;https://detail.1688.com/offer/640193604630.html;;;;;;;;;;;;;;;;;;;;;;;;;;;;;;;;;;;;;;;;;;;;;;;;;70;https://detail.1688.com/offer/651848820495.html;;;72;https://detail.1688.com/offer/652273081562.html;73;https://detail.1688.com/offer/651848820492.html;;;;;76;https://detail.1688.com/offer/652273333651.html;77;https://detail.1688.com/offer/651850308125.html;;;;;;;;;;;;;;;;;;;;;;;;;;;;;;;;;;;;;;;;;;;;;;;;;;;;;;;;;;;;;;;;;;;;;;;;;;;;;;;;;;;;;;;;;;;;;;;;;;;;;;;;;;;;;;;;;;;;;;;;;;;;;;;;
广信区易妆饰品商行;https://shop209057502v358.1688.com;6;45;https://detail.1688.com/offer/646230226449.html;;;;;;;;;;;;;;;;;;;;;;;;;;;;;;;;;;;;;64;https://detail.1688.com/offer/646890710111.html;;;;;;;68;https://detail.1688.com/offer/646992338347.html;;;;;;;;;;;;;;;;;;;;;79;https://detail.1688.com/offer/646769953063.html;;;;;;;;;;;;;86;https://detail.1688.com/offer/646419700007.html;87;https://detail.1688.com/offer/646419700007.html;;;;;;;;;;;;;;;;;;;;;;;;;;;;;;;;;;;;;;;;;;;;;;;;;;;;;;;;;;;;;;;;;;;;;;;;;;;;;;;;;;;;;;;;;;;;;;;;;;;;;;;;;;;;
长沙江润商贸有限公司;https://xwyfsc.1688.com;6;45;https://detail.1688.com/offer/623023869417.html;;;47;https://detail.1688.com/offer/650218699009.html;;;;;;;;;;;;;;;;;;;;;;;;;;;;;;;63;https://detail.1688.com/offer/654147929297.html;64;https://detail.1688.com/offer/653436528646.html;;;;;;;;;;;;;;;;;;;;;;;;;;;;;;;;;;;;;;;;;;;;;;;;;;;;;;;92;https://detail.1688.com/offer/651754589011.html;;;;;;;;;97;https://detail.1688.com/offer/654885211344.html;;;;;;;;;;;;;;;;;;;;;;;;;;;;;;;;;;;;;;;;;;;;;;;;;;;;;;;;;;;;;;;;;;;;;;;;;;;;;;;;;;;;;;;;
义乌市艾媞茵饰品有限公司;https://addilyn.1688.com;6;56;https://detail.1688.com/offer/597735640111.html;57;https://detail.1688.com/offer/531907255620.html;58;https://detail.1688.com/offer/562066960229.html;59;https://detail.1688.com/offer/599224673797.html;60;https://detail.1688.com/offer/550012390250.html;;;;;;;;;;;;;;;;;;;;;;;;;;;;;;;76;https://detail.1688.com/offer/593895551208.html;;;;;;;;;;;;;;;;;;;;;;;;;;;;;;;;;;;;;;;;;;;;;;;;;;;;;;;;;;;;;;;;;;;;;;;;;;;;;;;;;;;;;;;;;;;;;;;;;;;;;;;;;;;;;;;;;;;;;;;;;;;;;;;;;;;;;;;;;;;;;;;;;;;;;;;;
义乌市心韵饰品有限公司;https://yiwuxinyun.1688.com;6;58;https://detail.1688.com/offer/635205833468.html;;;60;https://detail.1688.com/offer/646001983157.html;;;;;;;;;;;;;;;;;;;;;;;;;73;https://detail.1688.com/offer/600366012474.html;;;75;https://detail.1688.com/offer/589402531613.html;76;https://detail.1688.com/offer/619409595097.html;77;https://detail.1688.com/offer/573341643686.html;;;;;;;;;;;;;;;;;;;;;;;;;;;;;;;;;;;;;;;;;;;;;;;;;;;;;;;;;;;;;;;;;;;;;;;;;;;;;;;;;;;;;;;;;;;;;;;;;;;;;;;;;;;;;;;;;;;;;;;;;;;;;;;;;;;;;;;;;;;;;;;;;;;;;;;;;;
义乌市旭爵电子商务有限公司;https://shop1415896901343.1688.com;6;69;https://detail.1688.com/offer/615843055317.html;;;;;;;;;;;;;;;;;;;;;;;;;;;;;;;;;;;;;;;;;90;https://detail.1688.com/offer/641105618001.html;91;https://detail.1688.com/offer/593988265545.html;92;https://detail.1688.com/offer/573841050542.html;93;https://detail.1688.com/offer/571097572807.html;;;;;;;97;https://detail.1688.com/offer/576516881790.html;;;;;;;;;;;;;;;;;;;;;;;;;;;;;;;;;;;;;;;;;;;;;;;;;;;;;;;;;;;;;;;;;;;;;;;;;;;;;;;;;;;;;;;;;;;;;;;;;;;;;;;;;;;;;;;;;;;;;;;;;;;;;;;;;;;;;;;;
义乌市慈钛贸易有限公司;https://shop1456764769191.1688.com;6;70;https://detail.1688.com/offer/606632055117.html;71;https://detail.1688.com/offer/596470217784.html;72;https://detail.1688.com/offer/601103388009.html;73;https://detail.1688.com/offer/587061648847.html;;;75;https://detail.1688.com/offer/619399497131.html;;;77;https://detail.1688.com/offer/613264170632.html;;;;;;;;;;;;;;;;;;;;;;;;;;;;;;;;;;;;;;;;;;;;;;;;;;;;;;;;;;;;;;;;;;;;;;;;;;;;;;;;;;;;;;;;;;;;;;;;;;;;;;;;;;;;;;;;;;;;;;;;;;;;;;;;;;;;;;;;;;;;;;;;;;;;;;;;;;;;;;;;;;;;;;;;;;;;;;;;;;
义乌市琳达饰品有限公司;https://shop1473698629901.1688.com;6;79;https://detail.1688.com/offer/605276373759.html;;;;;;;;;;;85;https://detail.1688.com/offer/631863704952.html;;;;;;;;;90;https://detail.1688.com/offer/630347035040.html;91;https://detail.1688.com/offer/649269910485.html;;;;;94;https://detail.1688.com/offer/649781014837.html;;;;;97;https://detail.1688.com/offer/648984461420.html;;;;;;;;;;;;;;;;;;;;;;;;;;;;;;;;;;;;;;;;;;;;;;;;;;;;;;;;;;;;;;;;;;;;;;;;;;;;;;;;;;;;;;;;;;;;;;;;;;;;;;;;;;;;;;;;;;;;;;;;;;;;;;;;;;;;;;;;;;;;;;;;;;;;;;;;;;;;
王忠信;https://xiuxiu11142012.1688.com;6;80;https://detail.1688.com/offer/653492478893.html;;;;;;;;;;;;;;;;;;;90;https://detail.1688.com/offer/653060320577.html;91;https://detail.1688.com/offer/522119654429.html;92;https://detail.1688.com/offer/638824382364.html;93;https://detail.1688.com/offer/655658138667.html;;;;;;;97;https://detail.1688.com/offer/522136638555.html;;;;;;;;;;;;;;;;;;;;;;;;;;;;;;;;;;;;;;;;;;;;;;;;;;;;;;;;;;;;;;;;;;;;;;;;;;;;;;;;;;;;;;;;;;;;;;;;;;;;;;;;;;;;;;;;;;;;;;;;;;;;;;;;;;;;;;;;;;;;;;;;;;;;;;;;;;;;;;
东阳市白云忠信饰品厂;https://shop843160617ae57.1688.com;6;80;https://detail.1688.com/offer/655570275389.html;;;;;;;;;;;;;;;;;;;90;https://detail.1688.com/offer/655175466358.html;91;https://detail.1688.com/offer/652690931181.html;92;https://detail.1688.com/offer/636300523566.html;93;https://detail.1688.com/offer/653223028241.html;;;;;;;97;https://detail.1688.com/offer/654012030116.html;;;;;;;;;;;;;;;;;;;;;;;;;;;;;;;;;;;;;;;;;;;;;;;;;;;;;;;;;;;;;;;;;;;;;;;;;;;;;;;;;;;;;;;;;;;;;;;;;;;;;;;;;;;;;;;;;;;;;;;;;;;;;;;;;;;;;;;;;;;;;;;;;;;;;;;;;;;;;;
义乌市楠博电子商务商行;https://shop1410539936050.1688.com;6;88;https://detail.1688.com/offer/625478999283.html;;;90;https://detail.1688.com/offer/625478999283.html;91;https://detail.1688.com/offer/587478121969.html;92;https://detail.1688.com/offer/613442536579.html;93;https://detail.1688.com/offer/632731815146.html;;;;;;;97;https://detail.1688.com/offer/623488742327.html;;;;;;;;;;;;;;;;;;;;;;;;;;;;;;;;;;;;;;;;;;;;;;;;;;;;;;;;;;;;;;;;;;;;;;;;;;;;;;;;;;;;;;;;;;;;;;;;;;;;;;;;;;;;;;;;;;;;;;;;;;;;;;;;;;;;;;;;;;;;;;;;;;;;;;;;;;;;;;;;;;;;;;;;;;;;;;
五华县棉洋镇惠鑫商行;https://shop3k7046844b584.1688.com;5;1;https://detail.1688.com/offer/646983618083.html;;;;;4;https://detail.1688.com/offer/646983618083.html;5;https://detail.1688.com/offer/646983618083.html;;;;;8;https://detail.1688.com/offer/646983618083.html;;;10;https://detail.1688.com/offer/646983618083.html;;;;;;;;;;;;;;;;;;;;;;;;;;;;;;;;;;;;;;;;;;;;;;;;;;;;;;;;;;;;;;;;;;;;;;;;;;;;;;;;;;;;;;;;;;;;;;;;;;;;;;;;;;;;;;;;;;;;;;;;;;;;;;;;;;;;;;;;;;;;;;;;;;;;;;;;;;;;;;;;;;;;;;;;;;;;;;
义乌市九层电子商务有限公司;https://shop1146m3771hq85.1688.com;5;1;https://detail.1688.com/offer/633026965261.html;;;;;;;5;https://detail.1688.com/offer/633026965261.html;;;;;;;9;https://detail.1688.com/offer/633602154168.html;10;https://detail.1688.com/offer/608979761044.html;;;;;;;;;;;;;;;;;;;;;;;;;;;;;;;;;;;;;29;https://detail.1688.com/offer/634647232687.html;;;;;;;;;;;;;;;;;;;;;;;;;;;;;;;;;;;;;;;;;;;;;;;;;;;;;;;;;;;;;;;;;;;;;;;;;;;;;;;;;;;;;;;;;;;;;;;;;;;;;;;;;;;;;;;;;;;;;;;;;;;;;;;;;;;;;;;;
义乌市亮琳饰品有限公司;https://shop641wh8d824282.1688.com;5;1;https://detail.1688.com/offer/644919124449.html;;;3;https://detail.1688.com/offer/644919124449.html;;;5;https://detail.1688.com/offer/644919124449.html;;;;;;;;;;;;;;;;;14;https://detail.1688.com/offer/644919124449.html;;;;;;;;;;;;;;;;;;;;;;;;;;;;;;;;;;;;;;;;;;;;;37;https://detail.1688.com/offer/644919124449.html;;;;;;;;;;;;;;;;;;;;;;;;;;;;;;;;;;;;;;;;;;;;;;;;;;;;;;;;;;;;;;;;;;;;;;;;;;;;;;;;;;;;;;;;;;;;;;;;;;;;;;;;;;;;;;;;;;;;;;;;
义乌市思煜饰品有限公司;https://shop8125180661p06.1688.com;5;1;https://detail.1688.com/offer/622331451991.html;;;;;;;5;https://detail.1688.com/offer/622131861222.html;6;https://detail.1688.com/offer/620381356417.html;;;;;;;;;;;;;;;;;;;;;;;;;;;;;;;;;;;;;25;https://detail.1688.com/offer/622130053386.html;;;;;;;;;;;;;;;;;;;;;36;https://detail.1688.com/offer/620407220853.html;;;;;;;;;;;;;;;;;;;;;;;;;;;;;;;;;;;;;;;;;;;;;;;;;;;;;;;;;;;;;;;;;;;;;;;;;;;;;;;;;;;;;;;;;;;;;;;;;;;;;;;;;;;;;;;;;;;;;;;;;;
玉林市玉州区庭佳百货店;https://shop43081630s1w43.1688.com;5;1;https://detail.1688.com/offer/640589429593.html;;;;;4;https://detail.1688.com/offer/655176121742.html;;;6;https://detail.1688.com/offer/640589429593.html;7;https://detail.1688.com/offer/651376411758.html;;;;;;;;;;;;;;;;;;;17;https://detail.1688.com/offer/640589429593.html;;;;;;;;;;;;;;;;;;;;;;;;;;;;;;;;;;;;;;;;;;;;;;;;;;;;;;;;;;;;;;;;;;;;;;;;;;;;;;;;;;;;;;;;;;;;;;;;;;;;;;;;;;;;;;;;;;;;;;;;;;;;;;;;;;;;;;;;;;;;;;;;;;;;;;;;;;;;;;;;
义乌市秀迪饰品厂;https://shop2g588d1300612.1688.com;5;1;https://detail.1688.com/offer/642080606512.html;;;;;;;;;;;;;;;;;;;;;12;https://detail.1688.com/offer/645118833060.html;;;;;;;;;;;;;;;;;;;22;https://detail.1688.com/offer/652650244155.html;23;https://detail.1688.com/offer/653422993762.html;;;;;;;;;;;;;;;;;;;;;;;35;https://detail.1688.com/offer/642946848001.html;;;;;;;;;;;;;;;;;;;;;;;;;;;;;;;;;;;;;;;;;;;;;;;;;;;;;;;;;;;;;;;;;;;;;;;;;;;;;;;;;;;;;;;;;;;;;;;;;;;;;;;;;;;;;;;;;;;;;;;;;;;;
义乌市焕爽电子商务商行;https://jason1998.1688.com;5;1;https://detail.1688.com/offer/614083157591.html;2;https://detail.1688.com/offer/614083157591.html;3;https://detail.1688.com/offer/614083157591.html;4;https://detail.1688.com/offer/614083157591.html;;;;;;;;;;;10;https://detail.1688.com/offer/614083157591.html;;;;;;;;;;;;;;;;;;;;;;;;;;;;;;;;;;;;;;;;;;;;;;;;;;;;;;;;;;;;;;;;;;;;;;;;;;;;;;;;;;;;;;;;;;;;;;;;;;;;;;;;;;;;;;;;;;;;;;;;;;;;;;;;;;;;;;;;;;;;;;;;;;;;;;;;;;;;;;;;;;;;;;;;;;;;;;
高新区枫桥特俞百货商行;https://shop36kfw322w6194.1688.com;5;1;https://detail.1688.com/offer/654069898161.html;;;3;https://detail.1688.com/offer/654350970617.html;;;;;;;7;https://detail.1688.com/offer/654069898161.html;;;;;;;;;;;;;;;;;;;;;;;;;;;;;;;;;;;;;;;;;28;https://detail.1688.com/offer/654263770556.html;;;;;;;;;;;;;;;;;;;;;39;https://detail.1688.com/offer/654451447320.html;;;;;;;;;;;;;;;;;;;;;;;;;;;;;;;;;;;;;;;;;;;;;;;;;;;;;;;;;;;;;;;;;;;;;;;;;;;;;;;;;;;;;;;;;;;;;;;;;;;;;;;;;;;;;;;;;;;;
义乌市宏宏贸易有限公司;https://shop8z24w7s605329.1688.com;5;1;https://detail.1688.com/offer/587115746636.html;2;https://detail.1688.com/offer/587115746636.html;3;https://detail.1688.com/offer/587115746636.html;;;;;;;;;;;;;;;11;https://detail.1688.com/offer/587115746636.html;;;;;;;;;;;17;https://detail.1688.com/offer/585820745357.html;;;;;;;;;;;;;;;;;;;;;;;;;;;;;;;;;;;;;;;;;;;;;;;;;;;;;;;;;;;;;;;;;;;;;;;;;;;;;;;;;;;;;;;;;;;;;;;;;;;;;;;;;;;;;;;;;;;;;;;;;;;;;;;;;;;;;;;;;;;;;;;;;;;;;;;;;;;;;;;;
余江区稿特经营部;https://shop317f207452360.1688.com;5;1;https://detail.1688.com/offer/655198235137.html;;;3;https://detail.1688.com/offer/654352665309.html;;;;;;;;;8;https://detail.1688.com/offer/654505361332.html;;;10;https://detail.1688.com/offer/653987496747.html;;;;;;;;;;;;;;;;;;;;;;;;;;;;;;;;;;;;;;;;;;;;;;;;;;;;;;;;;;;;;;;;;;;;;;;;;;;;;;;;;;;;;;;;;;;;;;;;;;;;;;;;;;;;;;;;;;;;;;;;;;;;;;;;;;;;;;;;;;;;;;;;;;;;;;;;;;;;;;;;;;;;;;;;;;;;;;
义乌市惜美饰品厂;https://shop99034029609i3.1688.com;5;1;https://detail.1688.com/offer/649957820586.html;;;3;https://detail.1688.com/offer/653935680485.html;4;https://detail.1688.com/offer/646032541248.html;;;;;;;;;;;;;;;;;;;;;;;;;;;;;;;;;;;;;;;;;;;;;27;https://detail.1688.com/offer/655554663525.html;;;;;;;;;;;;;;;;;;;37;https://detail.1688.com/offer/655157586814.html;;;;;;;;;;;;;;;;;;;;;;;;;;;;;;;;;;;;;;;;;;;;;;;;;;;;;;;;;;;;;;;;;;;;;;;;;;;;;;;;;;;;;;;;;;;;;;;;;;;;;;;;;;;;;;;;;;;;;;;;
玉林市玉州区沃草日用百货店;https://shop339891649a533.1688.com;5;1;https://detail.1688.com/offer/655855762230.html;;;;;;;5;https://detail.1688.com/offer/634365853140.html;;;7;https://detail.1688.com/offer/655855762230.html;;;;;;;;;;;;;;;;;16;https://detail.1688.com/offer/655855762230.html;;;;;;;;;;;;;;;;;;;;;;;;;;;;;;;;;;;;;;;;;;;;;;;40;https://detail.1688.com/offer/649375196298.html;;;;;;;;;;;;;;;;;;;;;;;;;;;;;;;;;;;;;;;;;;;;;;;;;;;;;;;;;;;;;;;;;;;;;;;;;;;;;;;;;;;;;;;;;;;;;;;;;;;;;;;;;;;;;;;;;;
义乌市翌阳饰品厂;https://yiwuyiyang.1688.com;5;1;https://detail.1688.com/offer/598457500586.html;;;;;;;;;6;https://detail.1688.com/offer/650421175479.html;;;;;;;;;;;;;13;https://detail.1688.com/offer/598457500586.html;;;;;;;;;;;;;;;;;;;;;;;;;;;;;;;;;;;;;;;;;;;;;;;;;;;;;;;;;;;;;;;;;;;;;;;;;;;51;https://detail.1688.com/offer/591794566674.html;;;;;;;;;;;;;;;;;;;;;;;;;;;;;;;;;;;;;;;;;;;;;;;;;;;;;;;;;;;;;;;;;;;;;;;;;;;;;;;;;;;;;;;;;;;;
义乌妙斯电子商务有限公司;https://shop1742883ww4228.1688.com;5;1;https://detail.1688.com/offer/644895562673.html;;;;;;;;;;;7;https://detail.1688.com/offer/651641702709.html;;;;;;;;;;;;;;;;;;;;;;;;;;;;;;;23;https://detail.1688.com/offer/641172874964.html;;;;;;;;;;;29;https://detail.1688.com/offer/642501731820.html;;;;;;;;;;;;;;;;;;;;;;;;;;;;;;;;;;;;;;;;;;;;;;;;;;;;;;;;;;;;;;;;;;;;;;;;;;;;;;;;;;;;;;;;;;;;;;;;;;;;;;;;;;;;;;;;;;;;;;;;;;;;;;;;;;;;;;;;
义乌市侣寻电子商务有限公司;https://shop1445619395350.1688.com;5;1;https://detail.1688.com/offer/630168878486.html;;;;;;;;;6;https://detail.1688.com/offer/630341752116.html;;;;;;;;;;;12;https://detail.1688.com/offer/604017092477.html;;;;;;;;;;;;;;;20;https://detail.1688.com/offer/632990683293.html;21;https://detail.1688.com/offer/588731608819.html;;;;;;;;;;;;;;;;;;;;;;;;;;;;;;;;;;;;;;;;;;;;;;;;;;;;;;;;;;;;;;;;;;;;;;;;;;;;;;;;;;;;;;;;;;;;;;;;;;;;;;;;;;;;;;;;;;;;;;;;;;;;;;;;;;;;;;;;;;;;;;;;;;;;;;;;
义乌市悦示电子商务商行;https://shop8z44128743285.1688.com;5;1;https://detail.1688.com/offer/651158416482.html;2;https://detail.1688.com/offer/651580749047.html;;;;;;;;;7;https://detail.1688.com/offer/651158416482.html;;;;;;;;;;;;;14;https://detail.1688.com/offer/651582757309.html;;;16;https://detail.1688.com/offer/652325303914.html;;;;;;;;;;;;;;;;;;;;;;;;;;;;;;;;;;;;;;;;;;;;;;;;;;;;;;;;;;;;;;;;;;;;;;;;;;;;;;;;;;;;;;;;;;;;;;;;;;;;;;;;;;;;;;;;;;;;;;;;;;;;;;;;;;;;;;;;;;;;;;;;;;;;;;;;;;;;;;;;;;
义乌市绣蒙电子商务商行;https://xiumengjw.1688.com;5;1;https://detail.1688.com/offer/557002363378.html;;;;;4;https://detail.1688.com/offer/557002363378.html;5;https://detail.1688.com/offer/557002363378.html;;;;;;;;;;;;;;;;;;;;;;;;;;;;;;;;;;;;;;;;;;;;;;;;;;;;;;;;;;;;;;;;;;;;;;;;;;;;;;;;;;;;;;;;;;;;;;;53;https://detail.1688.com/offer/545725666624.html;;;;;;;;;;;;;60;https://detail.1688.com/offer/545725666624.html;;;;;;;;;;;;;;;;;;;;;;;;;;;;;;;;;;;;;;;;;;;;;;;;;;;;;;;;;;;;;;;;;;;;;;;;;;
深圳市龙华区福莱宝百货商行;https://shop255v30y772w46.1688.com;5;1;https://detail.1688.com/offer/648961776998.html;;;;;;;5;https://detail.1688.com/offer/648961776998.html;6;https://detail.1688.com/offer/648961776998.html;;;;;;;;;11;https://detail.1688.com/offer/650101795572.html;;;;;;;;;;;;;;;;;;;;;;;23;https://detail.1688.com/offer/648966404438.html;;;;;;;;;;;;;;;;;;;;;;;;;;;;;;;;;;;;;;;;;;;;;;;;;;;;;;;;;;;;;;;;;;;;;;;;;;;;;;;;;;;;;;;;;;;;;;;;;;;;;;;;;;;;;;;;;;;;;;;;;;;;;;;;;;;;;;;;;;;;;;;;;;;;
高新区枫桥丰华逸服装商行;https://shop93229j7p6l563.1688.com;5;1;https://detail.1688.com/offer/654647834011.html;;;;;;;5;https://detail.1688.com/offer/654647834011.html;;;;;;;;;;;;;;;;;;;;;;;;;;;;;;;;;22;https://detail.1688.com/offer/653455225609.html;23;https://detail.1688.com/offer/653455225609.html;;;;;;;;;;;;;30;https://detail.1688.com/offer/653827210022.html;;;;;;;;;;;;;;;;;;;;;;;;;;;;;;;;;;;;;;;;;;;;;;;;;;;;;;;;;;;;;;;;;;;;;;;;;;;;;;;;;;;;;;;;;;;;;;;;;;;;;;;;;;;;;;;;;;;;;;;;;;;;;;;;;;;;;;
余江区欢锦经营部;https://shop26q60n60g6736.1688.com;5;1;https://detail.1688.com/offer/654442086866.html;;;;;;;;;;;;;;;;;;;;;12;https://detail.1688.com/offer/654914256073.html;;;;;;;;;;;;;;;;;;;;;;;;;;;;;;;;;;;;;;;;;;;;;;;;;;;;;;;;;;;;;;;44;https://detail.1688.com/offer/654074673158.html;;;;;;;;;;;;;;;52;https://detail.1688.com/offer/654066789859.html;;;54;https://detail.1688.com/offer/654066789859.html;;;;;;;;;;;;;;;;;;;;;;;;;;;;;;;;;;;;;;;;;;;;;;;;;;;;;;;;;;;;;;;;;;;;;;;;;;;;;;;;;;;;;;
义乌市昌聪电子商务有限公司;https://shop93200qt6d9610.1688.com;5;1;https://detail.1688.com/offer/630317405037.html;;;3;https://detail.1688.com/offer/632648090972.html;;;;;;;;;;;;;10;https://detail.1688.com/offer/601683356683.html;;;;;;;;;;;16;https://detail.1688.com/offer/607053705741.html;;;;;;;;;;;;;;;;;;;;;;;;;;;;;;;;;;;34;https://detail.1688.com/offer/580067146757.html;;;;;;;;;;;;;;;;;;;;;;;;;;;;;;;;;;;;;;;;;;;;;;;;;;;;;;;;;;;;;;;;;;;;;;;;;;;;;;;;;;;;;;;;;;;;;;;;;;;;;;;;;;;;;;;;;;;;;;;;;;;;;;
义乌市左龙电子商务有限公司;https://shop1429635214472.1688.com;5;1;https://detail.1688.com/offer/634379669999.html;;;;;;;;;;;;;;;;;;;;;;;13;https://detail.1688.com/offer/643325475107.html;;;;;;;;;;;;;;;;;;;23;https://detail.1688.com/offer/619076056898.html;;;;;;;;;28;https://detail.1688.com/offer/557576135320.html;;;;;;;32;https://detail.1688.com/offer/640999817572.html;;;;;;;;;;;;;;;;;;;;;;;;;;;;;;;;;;;;;;;;;;;;;;;;;;;;;;;;;;;;;;;;;;;;;;;;;;;;;;;;;;;;;;;;;;;;;;;;;;;;;;;;;;;;;;;;;;;;;;;;;;;;;;;;;;
沈阳市葭琂网络科技有限责任公司;https://jiayanshipin.1688.com;5;1;https://detail.1688.com/offer/652049375714.html;;;;;;;5;https://detail.1688.com/offer/652049375714.html;;;;;;;;;;;;;;;;;;;;;;;17;https://detail.1688.com/offer/652049695701.html;;;;;;;;;;;;;;;;;;;;;;;;;;;;;;;;;;;;;;;;;;;;;;;;;;;;;;;;;;;;;;;;;;;;;;;;;;;;;;;;;;;;;;;;;;;;;;;;;;;;;68;https://detail.1688.com/offer/651534129450.html;;;;;;;;;;;;;75;https://detail.1688.com/offer/637892855144.html;;;;;;;;;;;;;;;;;;;;;;;;;;;89;https://detail.1688.com/offer/646731296728.html;;;;;;;93;https://detail.1688.com/offer/646475762472.html;;;;;;;;
陆川县献千日用品店;https://shop1x8182n98o616.1688.com;5;1;https://detail.1688.com/offer/650848366707.html;;;;;;;5;https://detail.1688.com/offer/650848366707.html;;;;;;;;;;;;;12;https://detail.1688.com/offer/651301367974.html;;;;;;;;;;;;;;;;;;;;;;;;;;;;;;;;;;;;;;;;;33;https://detail.1688.com/offer/650022601504.html;;;35;https://detail.1688.com/offer/650684262640.html;;;;;;;;;;;;;;;;;;;;;;;;;;;;;;;;;;;;;;;;;;;;;;;;;;;;;;;;;;;;;;;;;;;;;;;;;;;;;;;;;;;;;;;;;;;;;;;;;;;;;;;;;;;;;;;;;;;;;;;;;;;;
义乌市将格电子商务商行;https://shop3m1i1068764w8.1688.com;5;1;https://detail.1688.com/offer/656400115253.html;;;;;;;5;https://detail.1688.com/offer/656400115253.html;6;https://detail.1688.com/offer/656400115253.html;;;;;;;;;;;;;;;;;;;;;17;https://detail.1688.com/offer/656400115253.html;;;;;;;;;;;;;;;;;;;;;;;;;;;;;;;;;;;;;;;;;;;;;;;;;;;;;;;;;;;;;;;;;;;51;https://detail.1688.com/offer/648069330419.html;;;;;;;;;;;;;;;;;;;;;;;;;;;;;;;;;;;;;;;;;;;;;;;;;;;;;;;;;;;;;;;;;;;;;;;;;;;;;;;;;;;;;;;;;;;;
石狮市简峰款生网络百货商行;https://shop6097971600814.1688.com;5;1;https://detail.1688.com/offer/652729726218.html;;;;;;;5;https://detail.1688.com/offer/652729726218.html;6;https://detail.1688.com/offer/652729726218.html;;;;;;;10;https://detail.1688.com/offer/651798660893.html;;;;;;;;;;;;;17;https://detail.1688.com/offer/652729726218.html;;;;;;;;;;;;;;;;;;;;;;;;;;;;;;;;;;;;;;;;;;;;;;;;;;;;;;;;;;;;;;;;;;;;;;;;;;;;;;;;;;;;;;;;;;;;;;;;;;;;;;;;;;;;;;;;;;;;;;;;;;;;;;;;;;;;;;;;;;;;;;;;;;;91;https://detail.1688.com/offer/656381983028.html;;;;;;;;;;;;
仙游县鲤城久中贸易商行;https://shop3w723399336j1.1688.com;5;1;https://detail.1688.com/offer/640775907753.html;;;;;4;https://detail.1688.com/offer/640775907753.html;5;https://detail.1688.com/offer/640775907753.html;6;https://detail.1688.com/offer/640775907753.html;;;;;;;;;;;;;13;https://detail.1688.com/offer/636323996054.html;;;;;;;;;;;;;;;;;;;;;;;;;;;;;;;;;;;;;;;;;;;;;;;;;;;;;;;;;;;;;;;;;;;;;;;;;;;;;;;;;;;;;;;;;;;;;;;;;;;;;;;;;;;;;;;;;;;;;;;;;;;;;;;;;;;;;;;;;;;;;;;;;;;;;;;;;;;;;;;;;;;;;;;;
台州市黄岩宇娇电子商务商行;https://shop927a057420349.1688.com;5;1;https://detail.1688.com/offer/655118661948.html;;;;;4;https://detail.1688.com/offer/655118661948.html;5;https://detail.1688.com/offer/655118661948.html;6;https://detail.1688.com/offer/655118661948.html;;;;;;;;;;;;;;;;;;;;;;;;;;;;;;;;;;;;;;;;;;;;;;;;;;;;;;;;;;;;;;;;;;;;;;;;;;;;;;;;;47;https://detail.1688.com/offer/655381773841.html;;;;;;;;;;;;;;;;;;;;;;;;;;;;;;;;;;;;;;;;;;;;;;;;;;;;;;;;;;;;;;;;;;;;;;;;;;;;;;;;;;;;;;;;;;;;;;;;;;;;
义乌市哲泽电子商务有限公司;https://shop1468256467158.1688.com;5;4;https://detail.1688.com/offer/599676435142.html;;;;;7;https://detail.1688.com/offer/598962083369.html;;;9;https://detail.1688.com/offer/614372287060.html;;;;;;;13;https://detail.1688.com/offer/594614683480.html;;;;;;;;;;;;;;;;;;;;;;;;;;;;;;;;;;;;;32;https://detail.1688.com/offer/596440108197.html;;;;;;;;;;;;;;;;;;;;;;;;;;;;;;;;;;;;;;;;;;;;;;;;;;;;;;;;;;;;;;;;;;;;;;;;;;;;;;;;;;;;;;;;;;;;;;;;;;;;;;;;;;;;;;;;;;;;;;;;;;;;;;;;;;;;;;;;
宜春市袁州区森碟饰品厂;https://shop1g564594i8062.1688.com;5;10;https://detail.1688.com/offer/641117374766.html;;;12;https://detail.1688.com/offer/656198563774.html;13;https://detail.1688.com/offer/656198563774.html;;;15;https://detail.1688.com/offer/605731933388.html;;;;;;;;;;;;;;;;;;;;;;;;;28;https://detail.1688.com/offer/640883314865.html;;;;;;;;;;;;;;;;;;;;;;;;;;;;;;;;;;;;;;;;;;;;;;;;;;;;;;;;;;;;;;;;;;;;;;;;;;;;;;;;;;;;;;;;;;;;;;;;;;;;;;;;;;;;;;;;;;;;;;;;;;;;;;;;;;;;;;;;;;;;;;;;;;;;;;;;;;;;
义乌市璟行贸易有限公司;https://shop810g325081j07.1688.com;5;14;https://detail.1688.com/offer/652791834843.html;;;;;;;;;;;;;;;22;https://detail.1688.com/offer/654115705429.html;;;;;;;26;https://detail.1688.com/offer/655706526105.html;;;;;;;;;;;;;;;;;;;;;37;https://detail.1688.com/offer/652791834843.html;;;39;https://detail.1688.com/offer/655524535536.html;;;;;;;;;;;;;;;;;;;;;;;;;;;;;;;;;;;;;;;;;;;;;;;;;;;;;;;;;;;;;;;;;;;;;;;;;;;;;;;;;;;;;;;;;;;;;;;;;;;;;;;;;;;;;;;;;;;;;;;;;;;;;;;;;;;;;;;;;;;;;;
义乌市萨启电子商务商行;https://shop2j6214nn92999.1688.com;5;18;https://detail.1688.com/offer/654396015418.html;;;;;;;;;;;;;;;;;;;;;;;;;;;;;;;;;;;;;;;;;;;;;41;https://detail.1688.com/offer/653926362832.html;42;https://detail.1688.com/offer/653715344900.html;;;;;;;;;;;;;;;;;51;https://detail.1688.com/offer/654311047784.html;;;;;;;;;;;;;;;;;;;;;;;;;;;;;;;;;;;;;;;;;;;;;;;;;;;;;;;;;;;;;;;;;84;https://detail.1688.com/offer/652032569265.html;;;;;;;;;;;;;;;;;;;;;;;;;;;;;;;;;;;;;;;;;;;;;;;;;;;;;;;;;;;;
义乌市春蝶饰品厂;https://loveboutique.1688.com;5;19;https://detail.1688.com/offer/625698722558.html;20;https://detail.1688.com/offer/617364296254.html;21;https://detail.1688.com/offer/625698722558.html;;;;;;;;;;;;;;;;;;;;;;;;;;;;;;;;;;;;;;;;;;;;;;;;;;;;;;;;;;;;;;;;;54;https://detail.1688.com/offer/559040115491.html;;;;;;;;;59;https://detail.1688.com/offer/555814248348.html;;;;;;;;;;;;;;;;;;;;;;;;;;;;;;;;;;;;;;;;;;;;;;;;;;;;;;;;;;;;;;;;;;;;;;;;;;;;;;;;;;;;;;;;;;;;;;;;;;;;;;;;;;;;;;;;
义乌市曼达饰品有限公司;https://shop4426357501x32.1688.com;5;25;https://detail.1688.com/offer/619889842960.html;;;;;28;https://detail.1688.com/offer/653590129611.html;;;;;31;https://detail.1688.com/offer/643741972083.html;32;https://detail.1688.com/offer/631590920350.html;;;;;;;;;;;;;;;;;;;;;43;https://detail.1688.com/offer/626708123121.html;;;;;;;;;;;;;;;;;;;;;;;;;;;;;;;;;;;;;;;;;;;;;;;;;;;;;;;;;;;;;;;;;;;;;;;;;;;;;;;;;;;;;;;;;;;;;;;;;;;;;;;;;;;;;;;;;;;;;;;;;;;;;;;;;;;;;;;;;;;;;;;91;https://detail.1688.com/offer/656233419748.html;;;;;;;;;;;;
义乌市恬露电子商务有限公司;https://shop095819407u556.1688.com;5;31;https://detail.1688.com/offer/634267912353.html;;;;;;;;;;;;;;;;;;;;;;;;;;;;;;;;;;;;;;;;;;;;;;;;;;;;;;;;;;;;;;;;;;;65;https://detail.1688.com/offer/632370434653.html;;;;;;;69;https://detail.1688.com/offer/632370434653.html;;;;;;;;;;;;;;;;;78;https://detail.1688.com/offer/632058829984.html;79;https://detail.1688.com/offer/632058829984.html;;;;;;;;;;;;;;;;;;;;;;;;;;;;;;;;;;;;;;;;;;;;;;;;;;;;;;;;;;;;;;;;;;;;;84;https://detail.1688.com/offer/656324023334.html;;;;;;;;;;;;;;;;;;;;;;;;;;
义乌市圣熙饰品有限公司;https://shengxi789.1688.com;5;31;https://detail.1688.com/offer/612517604106.html;;;;;;;;;;;37;https://detail.1688.com/offer/649734447857.html;;;39;https://detail.1688.com/offer/645917114699.html;40;https://detail.1688.com/offer/612087847304.html;;;;;43;https://detail.1688.com/offer/609066705095.html;;;;;;;;;;;;;;;;;;;;;;;;;;;;;;;;;;;;;;;;;;;;;;;;;;;;;;;;;;;;;;;;;;;;;;;;;;;;;;;;;;;;;;;;;;;;;;;;;;;;;;;;;;;;;;;;;;;;;;;;;;;;;;;;;;;;;;;;;;;;;;;;;;;;;;;;;;;;;;;;;;;;;;;;
义乌市格尚电子商务商行;https://15geshang.1688.com;5;34;https://detail.1688.com/offer/554944921704.html;;;;;;;;;39;https://detail.1688.com/offer/604791310080.html;40;https://detail.1688.com/offer/604791310080.html;;;42;https://detail.1688.com/offer/548415586468.html;;;44;https://detail.1688.com/offer/548415662399.html;;;;;;;;;;;;;;;;;;;;;;;;;;;;;;;;;;;;;;;;;;;;;;;;;;;;;;;;;;;;;;;;;;;;;;;;;;;;;;;;;;;;;;;;;;;;;;;;;;;;;;;;;;;;;;;;;;;;;;;;;;;;;;;;;;;;;;;;;;;;;;;;;;;;;;;;;;;;;;;;;;;;;;;;;;;;
义乌市娅丫电子商务商行;https://shop1464195103802.1688.com;5;46;https://detail.1688.com/offer/613087845866.html;;;;;;;;;;;;;53;https://detail.1688.com/offer/551224750235.html;54;https://detail.1688.com/offer/561138468392.html;;;56;https://detail.1688.com/offer/561365173914.html;;;;;59;https://detail.1688.com/offer/563042815688.html;;;;;;;;;;;;;;;;;;;;;;;;;;;;;;;;;;;;;;;;;;;;;;;;;;;;;;;;;;;;;;;;;;;;;;;;;;;;;;;;;;;;;;;;;;;;;;;;;;;;;;;;;;;;;;;;;;;;;;;;;;;;;;;;;;;;;;;;;;;;;;;;;;;;;;;90;https://detail.1688.com/offer/649452161013.html;;;92;https://detail.1688.com/offer/655796834247.html;;;;;;;;;;
义乌市星鸽电子商务有限公司;https://shop1408171986992.1688.com;5;46;https://detail.1688.com/offer/520859723236.html;47;https://detail.1688.com/offer/564502067595.html;;;;;;;;;;;;;;;;;;;;;;;;;;;;;;;;;;;;;;;;;;;;;;;;;;;;;;;;;;;;;;;;;;;;;;;;;;;;;;;;;;;;;90;https://detail.1688.com/offer/629694811425.html;91;https://detail.1688.com/offer/645291416038.html;;;93;https://detail.1688.com/offer/616273684091.html;;;;;;;;;;;;;;;;;;;;;;;;;;;;;;;;;;;;;;;;;;;;;;;;;;;;;;;;;;;;;;;;;81;https://detail.1688.com/offer/649903562502.html;;;;;;;;;;;;;;;;;;;;;;;;;;;;;;;;
义乌市婷洋饰品有限公司;https://tingyanshipin.1688.com;5;65;https://detail.1688.com/offer/633299924586.html;66;https://detail.1688.com/offer/606392734647.html;67;https://detail.1688.com/offer/606392734647.html;;;69;https://detail.1688.com/offer/633299924586.html;;;;;;;;;;;75;https://detail.1688.com/offer/623443386154.html;;;;;;;;;;;;;;;;;;;;;;;;;;;;;;;;;;;;;;;;;;;;;;;;;;;;;;;;;;;;;;;;;;;;;;;;;;;;;;;;;;;;;;;;;;;;;;;;;;;;;;;;;;;;;;;;;;;;;;;;;;;;;;;;;;;;;;;;;;;;;;;83;https://detail.1688.com/offer/654377519582.html;84;https://detail.1688.com/offer/654369231949.html;;;;;;;;;;;;;;;;;;;;;;;;;;
义乌市竹马饰品厂;https://zhumashipin.1688.com;5;66;https://detail.1688.com/offer/654488947174.html;67;https://detail.1688.com/offer/654488947174.html;;;69;https://detail.1688.com/offer/634948375545.html;;;;;;;;;;;75;https://detail.1688.com/offer/655902451255.html;;;;;;;;;;;;;;;;;;;;;;;;;;;;;;;91;https://detail.1688.com/offer/650563974913.html;;;;;;;;;;;;;;;;;;;;;;;;;;;;;;;;;;;;;;;;;;;;;;;;;;;;;;;;;;;;;;;;;;;;;;;;;;;;;;;;;;;;;;;;;;;;;;;;;;;;;;;;;;;;;;;;;;;;;;;;;;;;;;;;;;;;;;;;;;;;;;
义乌市怡璇贸易有限公司;https://shop1473z360r2581.1688.com;5;69;https://detail.1688.com/offer/581510000759.html;;;;;;;;;;;;;;;;;;;;;;;;;;;;;;;85;https://detail.1688.com/offer/584470488569.html;;;;;;;;;90;https://detail.1688.com/offer/614715939883.html;91;https://detail.1688.com/offer/583392742968.html;;;93;https://detail.1688.com/offer/594287271312.html;;;;;;;;;;;;;;;;;;;;;;;;;;;;;;;;;;;;;;;;;;;;;;;;;;;;;;;;;;;;;;;;;;;;;;;;;;;;;;;;;;;;;;;;;;;;;;;;;;;;;;;;;;;;;;;;;;;;;;;;;;;;;;;;;;;;;;;;;;;;;;;;
义乌市蓝冠饰品有限公司;https://languanjewelry.1688.com;5;74;https://detail.1688.com/offer/614133681624.html;75;https://detail.1688.com/offer/599665495993.html;;;;;;;;;;;;;82;https://detail.1688.com/offer/549968519457.html;;;;;;;;;;;;;;;;;;;92;https://detail.1688.com/offer/649496336377.html;93;https://detail.1688.com/offer/610490825513.html;;;;;;;;;;;;;;;;;;;;;;;;;;;;;;;;;;;;;;;;;;;;;;;;;;;;;;;;;;;;;;;;;;;;;;;;;;;;;;;;;;;;;;;;;;;;;;;;;;;;;;;;;;;;;;;;;;;;;;;;;;;;;;;;;;;;;;;;;;;;;;;;;;;;;;;;;;
义乌市兴为饰品厂;https://shop8n1h547101358.1688.com;5;74;https://detail.1688.com/offer/645072275507.html;75;https://detail.1688.com/offer/607100998723.html;76;https://detail.1688.com/offer/595718005642.html;77;https://detail.1688.com/offer/595840037843.html;;;;;;;;;;;83;https://detail.1688.com/offer/595041057864.html;;;;;;;;;;;;;;;;;;;;;;;;;;;;;;;;;;;;;;;;;;;;;;;;;;;;;;;;;;;;;;;;;;;;;;;;;;;;;;;;;;;;;;;;;;;;;;;;;;;;;;;;;;;;;;;;;;;;;;;;;;;;;;;;;;;;;;;;;;;;;;;;;;;;;;;;;;;;;;;;;;;;;;;;;;;;;;
义乌市凌露电子商务有限公司;https://shop1404838608781.1688.com;5;79;https://detail.1688.com/offer/575258645081.html;;;81;https://detail.1688.com/offer/582649050403.html;;;;;;;85;https://detail.1688.com/offer/574789098232.html;;;;;88;https://detail.1688.com/offer/597848139739.html;;;90;https://detail.1688.com/offer/621985553165.html;;;;;;;;;;;;;;;;;;;;;;;;;;;;;;;;;;;;;;;;;;;;;;;;;;;;;;;;;;;;;;;;;;;;;;;;;;;;;;;;;;;;;;;;;;;;;;;;;;;;;;;;;;;;;;;;;;;;;;;;;;;;;;;;;;;;;;;;;;;;;;;;;;;;;;;;;;;;;;;;;;;;;;;;;;
义乌市黛露电子商务有限公司;https://shop4c053327v9a91.1688.com;5;79;https://detail.1688.com/offer/576729895629.html;;;81;https://detail.1688.com/offer/583073902561.html;;;;;;;85;https://detail.1688.com/offer/573552491959.html;;;;;88;https://detail.1688.com/offer/598287787356.html;;;90;https://detail.1688.com/offer/622263246914.html;;;;;;;;;;;;;;;;;;;;;;;;;;;;;;;;;;;;;;;;;;;;;;;;;;;;;;;;;;;;;;;;;;;;;;;;;;;;;;;;;;;;;;;;;;;;;;;;;;;;;;;;;;;;;;;;;;;;;;;;;;;;;;;;;;;;;;;;;;;;;;;;;;;;;;;;;;;;;;;;;;;;;;;;;;
东阳市白云蓝芝海饰品厂;https://aonashiping2.1688.com;5;79;https://detail.1688.com/offer/600555430186.html;;;81;https://detail.1688.com/offer/591990775763.html;82;https://detail.1688.com/offer/588524462092.html;;;;;;;;;;;;;;;;;91;https://detail.1688.com/offer/647073225630.html;;;;;;;;;;;97;https://detail.1688.com/offer/650671568451.html;;;;;;;;;;;;;;;;;;;;;;;;;;;;;;;;;;;;;;;;;;;;;;;;;;;;;;;;;;;;;;;;;;;;;;;;;;;;;;;;;;;;;;;;;;;;;;;;;;;;;;;;;;;;;;;;;;;;;;;;;;;;;;;;;;;;;;;;;;;;;;;;;;;;;;;;;;;;
义乌市建义电子商务商行;https://shop1494517579292.1688.com;5;80;https://detail.1688.com/offer/572367850956.html;81;https://detail.1688.com/offer/590664089877.html;;;;;84;https://detail.1688.com/offer/642287183857.html;;;86;https://detail.1688.com/offer/574241576608.html;87;https://detail.1688.com/offer/574241576608.html;;;;;;;;;;;;;;;;;;;;;;;;;;;;;;;;;;;;;;;;;;;;;;;;;;;;;;;;;;;;;;;;;;;;;;;;;;;;;;;;;;;;;;;;;;;;;;;;;;;;;;;;;;;;;;;;;;;;;;;;;;;;;;;;;;;;;;;;;;;;;;;;;;;;;;;;;;;;;;;;;;;;;;;;;;;;;;;;;;
义乌市璐儿电子商务商行;https://shop1461775831606.1688.com;5;81;https://detail.1688.com/offer/600413195700.html;;;;;;;;;;;;;88;https://detail.1688.com/offer/624994301093.html;;;90;https://detail.1688.com/offer/649764398068.html;;;92;https://detail.1688.com/offer/563937063808.html;;;;;95;https://detail.1688.com/offer/531123505001.html;;;;;;;;;;;;;;;;;;;;;;;;;;;;;;;;;;;;;;;;;;;;;;;;;;;;;;;;;;;;;;;;;;;;;;;;;;;;;;;;;;;;;;;;;;;;;;;;;;;;;;;;;;;;;;;;;;;;;;;;;;;;;;;;;;;;;;;;;;;;;;;;;;;;;;;;;;;;;;;;;;;;
金华市璀饰贸易有限公司;https://shop06f63f18215d4.1688.com;4;1;https://detail.1688.com/offer/638954421372.html;;;;;;;5;https://detail.1688.com/offer/638954421372.html;6;https://detail.1688.com/offer/638954421372.html;;;;;;;10;https://detail.1688.com/offer/638954421372.html;;;;;;;;;;;;;;;;;;;;;;;;;;;;;;;;;;;;;;;;;;;;;;;;;;;;;;;;;;;;;;;;;;;;;;;;;;;;;;;;;;;;;;;;;;;;;;;;;;;;;;;;;;;;;;;;;;;;;;;;;;;;;;;;;;;;;;;;;;;;;;;;;;;;;;;;;;;;;;;;;;;;;;;;;;;;;;
义乌市麦普电子商务有限公司;https://shop1452186221540.1688.com;4;1;https://detail.1688.com/offer/598515194616.html;;;;;;;;;6;https://detail.1688.com/offer/598515194616.html;;;;;;;;;;;;;;;14;https://detail.1688.com/offer/626374696553.html;;;;;;;;;;;;;;;;;;;;;;;26;https://detail.1688.com/offer/626374696553.html;;;;;;;;;;;;;;;;;;;;;;;;;;;;;;;;;;;;;;;;;;;;;;;;;;;;;;;;;;;;;;;;;;;;;;;;;;;;;;;;;;;;;;;;;;;;;;;;;;;;;;;;;;;;;;;;;;;;;;;;;;;;;;;;;;;;;;;;;;;;;;
义乌市诗音特贸易有限公司;https://shop2300711g86em9.1688.com;4;1;https://detail.1688.com/offer/626526964944.html;;;;;;;;;;;;;;;;;;;;;;;;;;;;;16;https://detail.1688.com/offer/627393516341.html;;;;;;;;;;;;;;;;;;;;;;;;;;;;;;;;;;;;;;;;;;;;;;;;;;;;;;;44;https://detail.1688.com/offer/609602408880.html;;;;;;;;;;;;;;;52;https://detail.1688.com/offer/610620206808.html;;;;;;;;;;;;;;;;;;;;;;;;;;;;;;;;;;;;;;;;;;;;;;;;;;;;;;;;;;;;;;;;;;;;;;;;;;;;;;;;;;;;;;;;;;
深圳市海坤方辉建材有限公司;https://shop2q737469009v8.1688.com;4;1;https://detail.1688.com/offer/645124485013.html;;;;;;;;;;;7;https://detail.1688.com/offer/645124485013.html;;;;;;;;;;;;;;;;;;;;;;;;;;;21;https://detail.1688.com/offer/640287493579.html;;;;;;;;;;;;;;;;;;;;;;;;;;;;;;;;;;;;;;;;;;;;;;;;;;;;;;;;;;;;;;;;;;;;;;;;;;;;;;;;;62;https://detail.1688.com/offer/640290417300.html;;;;;;;;;;;;;;;;;;;;;;;;;;;;;;;;;;;;;;;;;;;;;;;;;;;;;;;;;;;;;;;;;;;;;;
景宁唐页贸易商行;https://shop59d96329z77e9.1688.com;4;1;https://detail.1688.com/offer/655428350902.html;;;;;;;5;https://detail.1688.com/offer/655428350902.html;;;;;;;;;;;;;;;13;https://detail.1688.com/offer/655962727866.html;;;;;;;;;;;;;;;;;;;;;;;;;;;;;;;;;;;;;;;;;;;;;;;37;https://detail.1688.com/offer/655428350902.html;;;;;;;;;;;;;;;;;;;;;;;;;;;;;;;;;;;;;;;;;;;;;;;;;;;;;;;;;;;;;;;;;;;;;;;;;;;;;;;;;;;;;;;;;;;;;;;;;;;;;;;;;;;;;;;;;;;;;;;;
玉林市玉州区意喜百货经营部;https://shop950997e2045d6.1688.com;4;1;https://detail.1688.com/offer/653288773164.html;;;;;;;5;https://detail.1688.com/offer/653288773164.html;;;7;https://detail.1688.com/offer/653288773164.html;;;;;;;;;;;13;https://detail.1688.com/offer/646494220235.html;;;;;;;;;;;;;;;;;;;;;;;;;;;;;;;;;;;;;;;;;;;;;;;;;;;;;;;;;;;;;;;;;;;;;;;;;;;;;;;;;;;;;;;;;;;;;;;;;;;;;;;;;;;;;;;;;;;;;;;;;;;;;;;;;;;;;;;;;;;;;;;;;;;;;;;;;;;;;;;;;;;;;;;;
义乌市则算电子商务商行;https://shop348p751586209.1688.com;4;1;https://detail.1688.com/offer/648722604286.html;;;;;4;https://detail.1688.com/offer/648722604286.html;5;https://detail.1688.com/offer/648722604286.html;;;;;;;;;10;https://detail.1688.com/offer/648722604286.html;;;;;;;;;;;;;;;;;;;;;;;;;;;;;;;;;;;;;;;;;;;;;;;;;;;;;;;;;;;;;;;;;;;;;;;;;;;;;;;;;;;;;;;;;;;;;;;;;;;;;;;;;;;;;;;;;;;;;;;;;;;;;;;;;;;;;;;;;;;;;;;;;;;;;;;;;;;;;;;;;;;;;;;;;;;;;;
兰溪市丽花饰品有限公司;https://lihuashipin.1688.com;4;1;https://detail.1688.com/offer/631244681662.html;;;;;4;https://detail.1688.com/offer/631244681662.html;5;https://detail.1688.com/offer/631244681662.html;6;https://detail.1688.com/offer/631244681662.html;;;;;;;;;;;;;;;;;;;;;;;;;;;;;;;;;;;;;;;;;;;;;;;;;;;;;;;;;;;;;;;;;;;;;;;;;;;;;;;;;;;;;;;;;;;;;;;;;;;;;;;;;;;;;;;;;;;;;;;;;;;;;;;;;;;;;;;;;;;;;;;;;;;;;;;;;;;;;;;;;;;;;;;;;;;;;;;;;;;;;;
义乌市登兴电子商务商行;https://shop02162l3r92e88.1688.com;4;1;https://detail.1688.com/offer/617138634652.html;;;;;;;;;6;https://detail.1688.com/offer/616873209543.html;;;;;;;;;11;https://detail.1688.com/offer/617138634652.html;;;;;;;;;;;;;;;;;;;;;;;;;;;;;;;;;28;https://detail.1688.com/offer/618933556298.html;;;;;;;;;;;;;;;;;;;;;;;;;;;;;;;;;;;;;;;;;;;;;;;;;;;;;;;;;;;;;;;;;;;;;;;;;;;;;;;;;;;;;;;;;;;;;;;;;;;;;;;;;;;;;;;;;;;;;;;;;;;;;;;;;;;;;;;;;;
广州市花都区狮岭英城箱包店;https://shop7s774p5103h56.1688.com;4;1;https://detail.1688.com/offer/655675167676.html;;;;;;;;;;;;;;;;;10;https://detail.1688.com/offer/655675167676.html;;;;;;;;;;;16;https://detail.1688.com/offer/655675167676.html;;;;;;;;;;;;;;;;;;;;;;;;;;;;;;;;;;;;;;;;;;;;;;;;;;;42;https://detail.1688.com/offer/655605751077.html;;;;;;;;;;;;;;;;;;;;;;;;;;;;;;;;;;;;;;;;;;;;;;;;;;;;;;;;;;;;;;;;;;;;;;;;;;;;;;;;;;;;;;;;;;;;;;;;;;;;;;;;;;;;;;
兰山区茹晗百货商行;https://shop262v186b80695.1688.com;4;1;https://detail.1688.com/offer/652962478184.html;;;;;;;;;;;;;;;;;;;;;;;;;;;;;;;17;https://detail.1688.com/offer/652962478184.html;;;;;;;;;;;23;https://detail.1688.com/offer/652191452928.html;;;;;;;;;;;;;;;;;;;;;;;;;;;;;;;;;;;;;;;;;;;;;;;;;48;https://detail.1688.com/offer/652159216610.html;;;;;;;;;;;;;;;;;;;;;;;;;;;;;;;;;;;;;;;;;;;;;;;;;;;;;;;;;;;;;;;;;;;;;;;;;;;;;;;;;;;90;https://detail.1688.com/offer/655779758746.html;;;;;;;;;;;;;;
丹阳市界牌镇浮之思工艺礼品厂;https://shop3348qg96522m9.1688.com;4;1;https://detail.1688.com/offer/655118661340.html;;;3;https://detail.1688.com/offer/655490518947.html;;;;;;;7;https://detail.1688.com/offer/655118661340.html;;;;;;;;;;;;;;;;;;;;;;;;;;;;;;;;;;;;;;;;;;;;;;;;;;;;;;;;;;;;;;;;;40;https://detail.1688.com/offer/654824304746.html;;;;;;;;;;;;;;;;;;;;;;;;;;;;;;;;;;;;;;;;;;;;;;;;;;;;;;;;;;;;;;;;;;;;;;;;;;;;;;;;;;;;;;;;;;;;;;;;;;;;;;;;;;;;;;;;;;
义乌市严明电子商务商行;https://shop44m42008110d8.1688.com;4;1;https://detail.1688.com/offer/634108934550.html;;;;;;;;;;;;;;;;;;;;;;;13;https://detail.1688.com/offer/634108934550.html;;;;;;;;;;;;;;;;;22;https://detail.1688.com/offer/634105490488.html;;;;;25;https://detail.1688.com/offer/643909553805.html;;;;;;;;;;;;;;;;;;;;;;;;;;;;;;;;;;;;;;;;;;;;;;;;;;;;;;;;;;;;;;;;;;;;;;;;;;;;;;;;;;;;;;;;;;;;;;;;;;;;;;;;;;;;;;;;;;;;;;;;;;;;;;;;;;;;;;;;;;;;;;;;
尤溪县古德拜商行;https://shop658121275xfg6.1688.com;4;1;https://detail.1688.com/offer/652101387180.html;;;;;;;;;;;7;https://detail.1688.com/offer/652101387180.html;;;;;;;;;;;;;;;;;;;;;;;;;;;;;;;23;https://detail.1688.com/offer/650577816658.html;;;;;26;https://detail.1688.com/offer/650879468277.html;;;;;;;;;;;;;;;;;;;;;;;;;;;;;;;;;;;;;;;;;;;;;;;;;;;;;;;;;;;;;;;;;;;;;;;;;;;;;;;;;;;;;;;;;;;;;;;;;;;;;;;;;;;;;;;;;;;;;;;;;;;;;;;;;;;;;;;;;;;;;;
义乌市锁佑电子商务商行;https://shop1430220057240.1688.com;4;1;https://detail.1688.com/offer/654393810887.html;;;;;;;;;;;7;https://detail.1688.com/offer/654393810887.html;;;;;;;;;;;;;;;;;16;https://detail.1688.com/offer/654393810887.html;;;;;;;;;;;;;;;;;;;;;;;;;;;;;;;;;;;;;;;;;37;https://detail.1688.com/offer/654393810887.html;;;;;;;;;;;;;;;;;;;;;;;;;;;;;;;;;;;;;;;;;;;;;;;;;;;;;;;;;;;;;;;;;;;;;;;;;;;;;;;;;;;;;;;;;;;;;;;;;;;;;;;;;;;;;;;;;;;;;;;;
义乌市鑫昊饰品有限公司;https://shop9t12921q15316.1688.com;4;1;https://detail.1688.com/offer/655329098532.html;;;;;;;;;;;;;;;;;;;;;;;;;;;15;https://detail.1688.com/offer/653289996968.html;16;https://detail.1688.com/offer/655365131962.html;;;;;;;;;;;;;;;;;;;;;27;https://detail.1688.com/offer/650503036320.html;;;;;;;;;;;;;;;;;;;;;;;;;;;;;;;;;;;;;;;;;;;;;;;;;;;;;;;;;;;;;;;;;;;;;;;;;;;;;;;;;;;;;;;;;;;;;;;;;;;;;;;;;;;;;;;;;;;;;;;;;;;;;;;;;;;;;;;;;;;;
广州逢高商贸有限公司;https://shop465039l947l59.1688.com;4;1;https://detail.1688.com/offer/639939342189.html;;;;;;;;;;;;;;;;;;;;;;;;;;;;;;;;;;;;;;;;;;;;;;;;;;;;;;;;;;;;;32;https://detail.1688.com/offer/640650691106.html;;;;;;;;;;;;;;;;;;;;;;;;;;;;;;;48;https://detail.1688.com/offer/642192574562.html;;;;;;;;;;;;;;;;;;;;;;;;;;;;;;;;;;;;;;;68;https://detail.1688.com/offer/639687489468.html;;;;;;;;;;;;;;;;;;;;;;;;;;;;;;;;;;;;;;;;;;;;;;;;;;;;;;;;;;
新罗区楚君网店;https://shop636040927jf86.1688.com;4;1;https://detail.1688.com/offer/644209863204.html;2;https://detail.1688.com/offer/649065773609.html;;;;;;;;;7;https://detail.1688.com/offer/644209863204.html;;;;;;;;;;;;;;;;;;;;;;;;;;;;;;;;;;;;;;;;;;;;;;;;;;;;;;;;;;;;;;;;;40;https://detail.1688.com/offer/652109814904.html;;;;;;;;;;;;;;;;;;;;;;;;;;;;;;;;;;;;;;;;;;;;;;;;;;;;;;;;;;;;;;;;;;;;;;;;;;;;;;;;;;;;;;;;;;;;;;;;;;;;;;;;;;;;;;;;;;
义乌预鉴电子商务有限公司;https://shop18r573997b9j0.1688.com;4;1;https://detail.1688.com/offer/623030368430.html;;;;;4;https://detail.1688.com/offer/623895675120.html;;;;;;;;;;;;;;;;;13;https://detail.1688.com/offer/623335345896.html;;;;;;;17;https://detail.1688.com/offer/623895675120.html;;;;;;;;;;;;;;;;;;;;;;;;;;;;;;;;;;;;;;;;;;;;;;;;;;;;;;;;;;;;;;;;;;;;;;;;;;;;;;;;;;;;;;;;;;;;;;;;;;;;;;;;;;;;;;;;;;;;;;;;;;;;;;;;;;;;;;;;;;;;;;;;;;;;;;;;;;;;;;;;
义乌市裕霖电子商务有限公司;https://yulinshiping.1688.com;4;1;https://detail.1688.com/offer/655784263728.html;;;;;;;;;6;https://detail.1688.com/offer/655013717986.html;;;;;;;;;;;12;https://detail.1688.com/offer/609695780490.html;;;;;;;;;;;;;;;;;;;;;;;;;;;;;;;;;29;https://detail.1688.com/offer/633885584209.html;;;;;;;;;;;;;;;;;;;;;;;;;;;;;;;;;;;;;;;;;;;;;;;;;;;;;;;;;;;;;;;;;;;;;;;;;;;;;;;;;;;;;;;;;;;;;;;;;;;;;;;;;;;;;;;;;;;;;;;;;;;;;;;;;;;;;;;;
义乌市淳美饰品有限公司;https://shop885069m16ul75.1688.com;4;1;https://detail.1688.com/offer/631186140605.html;;;;;;;;;;;;;;;;;;;;;12;https://detail.1688.com/offer/632141679381.html;13;https://detail.1688.com/offer/631186140605.html;;;;;;;;;;;;;;;;;;;;;;;;;;;;;;;;;;;;;;;;;;;;;;;;;;;;;;;;;;;;;;;;;;;;;;;;;;;;;;;;;;;;;;;;;;;;;;;;;;;;;;;;;;;;;68;https://detail.1688.com/offer/631820734237.html;;;;;;;;;;;;;;;;;;;;;;;;;;;;;;;;;;;;;;;;;;;;;;;;;;;;;;;;;;
九江卉然格格电子商务有限公司;https://shop4p1n279347p43.1688.com;4;1;https://detail.1688.com/offer/624291149012.html;;;;;;;;;;;;;;;;;;;;;12;https://detail.1688.com/offer/624291149012.html;13;https://detail.1688.com/offer/624291149012.html;;;;;;;;;;;;;;;;;;;;;;;;;;;;;;;;;;;;;;;;;;;;;;;;;;;;;;;;;;;;;;;;;;;;;;;;;;;;;;;;;;;;;;;;;;;;;;;;;;;;;;;;;;;;;68;https://detail.1688.com/offer/625467396049.html;;;;;;;;;;;;;;;;;;;;;;;;;;;;;;;;;;;;;;;;;;;;;;;;;;;;;;;;;;
义乌市寻佳饰品有限公司;https://shop513y210hy4331.1688.com;4;1;https://detail.1688.com/offer/651418874780.html;;;;;;;;;;;;;;;;;;;;;12;https://detail.1688.com/offer/651419370611.html;13;https://detail.1688.com/offer/651419370611.html;;;;;;;;;;;;;;;;;;;;;;;;;;;;;;;;;;;;;;;;;;;;;;;;;;;;;;;;;;;;;;;;;;;;;;;;;;;;;;;;;;;;;;;;;;;;;;;;;;;;;;;;;;;;;68;https://detail.1688.com/offer/651421386012.html;;;;;;;;;;;;;;;;;;;;;;;;;;;;;;;84;https://detail.1688.com/offer/653010929335.html;;;;;;;;;;;;;;;;;;;;;;;;;;
建德市下涯镇信习贸易商行;https://shop6071567r69yj4.1688.com;4;1;https://detail.1688.com/offer/651192980616.html;2;https://detail.1688.com/offer/651192980616.html;3;https://detail.1688.com/offer/651192980616.html;;;;;;;;;;;;;;;11;https://detail.1688.com/offer/651192980616.html;;;;;;;;;;;;;;;;;;;;;;;;;;;;;;;;;;;;;;;;;;;;;;;;;;;;;;;;;;;;;;;;;;;;;;;;;;;;;;;;;;;;;;;;;;;;;;;;;;;;;;;;;;;;;;;;;;;;;;;;;;;;;;;;;;;;;;;;;;;;;;;;;;;;;;;;;;;;;;;;;;;;;;;;;;;;
深圳市坪山区旺货行百货商行;https://shop0715qw8383b39.1688.com;4;1;https://detail.1688.com/offer/649820408522.html;;;;;;;5;https://detail.1688.com/offer/649820408522.html;;;;;;;;;;;;;;;;;;;;;;;17;https://detail.1688.com/offer/655590347190.html;;;;;;;;;;;;;;;;;;;;;;;;;;;;;;;;;;;;;;;37;https://detail.1688.com/offer/655198114263.html;;;;;;;;;;;;;;;;;;;;;;;;;;;;;;;;;;;;;;;;;;;;;;;;;;;;;;;;;;;;;;;;;;;;;;;;;;;;;;;;;;;;;;;;;;;;;;;;;;;;;;;;;;;;;;;;;;;;;;;;
广州南沙区犹夏容信息技术有限公司;https://shop9k3025w607890.1688.com;4;1;https://detail.1688.com/offer/648337233643.html;;;;;;;5;https://detail.1688.com/offer/648337233643.html;6;https://detail.1688.com/offer/648337233643.html;;;;;;;;;;;;;;;;;;;;;;;;;;;;;;;;;;;;;;;;;;;;;;;;;;;;;;;;;;;;;37;https://detail.1688.com/offer/649157006154.html;;;;;;;;;;;;;;;;;;;;;;;;;;;;;;;;;;;;;;;;;;;;;;;;;;;;;;;;;;;;;;;;;;;;;;;;;;;;;;;;;;;;;;;;;;;;;;;;;;;;;;;;;;;;;;;;;;;;;;;;
义乌市壹尚饰品厂;https://shop25702n7c83d89.1688.com;4;1;https://detail.1688.com/offer/609792722507.html;;;;;;;;;;;7;https://detail.1688.com/offer/609792722507.html;;;;;10;https://detail.1688.com/offer/623332793389.html;;;;;;;;;;;16;https://detail.1688.com/offer/606895046140.html;;;;;;;;;;;;;;;;;;;;;;;;;;;;;;;;;;;;;;;;;;;;;;;;;;;;;;;;;;;;;;;;;;;;;;;;;;;;;;;;;;;;;;;;;;;;;;;;;;;;;;;;;;;;;;;;;;;;;;;;;;;;;;;;;;;;;;;;;;;;;;;;;;;;;;;;;;;;;;;;;;
新罗区师灵百货商行;https://shop71q08q20e0909.1688.com;4;1;https://detail.1688.com/offer/645118035552.html;;;;;;;5;https://detail.1688.com/offer/645118035552.html;;;;;;;;;;;;;;;;;;;;;;;;;;;;;;;;;;;;;;;;;;;;;;;;;;;;;;;;;;;;;;;;;;;;;40;https://detail.1688.com/offer/644496419662.html;;;;;;;;;;;;;;;;;;;;;;;;;;;;;;;;;;;;;;;;;;;;;;;;;;;;;;;68;https://detail.1688.com/offer/647580495472.html;;;;;;;;;;;;;;;;;;;;;;;;;;;;;;;;;;;;;;;;;;;;;;;;;;;;;;;;;;
余江区明舞辉电子商务商行;https://shop1400810o01955.1688.com;4;1;https://detail.1688.com/offer/651149728236.html;;;;;;;5;https://detail.1688.com/offer/651149728236.html;6;https://detail.1688.com/offer/651149728236.html;;;;;;;;;;;;;;;;;;;;;;;;;;;;;;;;;;;;;;;26;https://detail.1688.com/offer/652930207413.html;;;;;;;;;;;;;;;;;;;;;;;;;;;;;;;;;;;;;;;;;;;;;;;;;;;;;;;;;;;;;;;;;;;;;;;;;;;;;;;;;;;;;;;;;;;;;;;;;;;;;;;;;;;;;;;;;;;;;;;;;;;;;;;;;;;;;;;;;;;;;;
南平市建阳区豪星百货商行;https://shop56x2460419f96.1688.com;4;1;https://detail.1688.com/offer/655491718239.html;;;;;;;;;;;;;;;;;;;;;;;;;;;;;;;;;;;;;20;https://detail.1688.com/offer/655820967512.html;;;;;;;;;;;;;;;;;;;;;;;;;;;;;;;36;https://detail.1688.com/offer/655669361629.html;;;;;;;;;;;;;;;;;;;;;;;;;;;;;;;;;;;;;;;;;;;;;;;;;;;;;;;;;;;;;;;;;;;;;;;;;;;;;;;;;;;;;;;;;;;;;;;;;;;;;;;;;;;;;;;;;;;;;;;;;;
义乌市粟叶贸易有限公司;https://shop669b3c44b5117.1688.com;4;1;https://detail.1688.com/offer/601189366577.html;;;;;;;;;;;;;;;;;;;;;12;https://detail.1688.com/offer/601189366577.html;;;;;;;;;;;;;;;20;https://detail.1688.com/offer/621215811628.html;;;;;;;;;;;;;;;;;;;;;;;;;;;34;https://detail.1688.com/offer/600880425739.html;;;;;;;;;;;;;;;;;;;;;;;;;;;;;;;;;;;;;;;;;;;;;;;;;;;;;;;;;;;;;;;;;;;;;;;;;;;;;;;;;;;;;;;;;;;;;;;;;;;;;;;;;;;;;;;;;91;https://detail.1688.com/offer/651087047144.html;;;;;;;;;;;;
南平市建阳区林农沃德百货店;https://shop83w7284142161.1688.com;4;1;https://detail.1688.com/offer/655418861484.html;;;;;;;;;;;;;;;;;;;;;12;https://detail.1688.com/offer/655352109631.html;;;;;;;;;;;;;;;;;;;;;;;;;;;;;;;;;;;;;31;https://detail.1688.com/offer/654748475304.html;;;;;34;https://detail.1688.com/offer/655769871364.html;;;;;;;;;;;;;;;;;;;;;;;;;;;;;;;;;;;;;;;;;;;;;;;;;;;;;;;;;;;;;;;;;;;;;;;;;;;;;;;;;;;;;;;;;;;;;;;;;;;;;;;;;;;;;;;;;;;;;;;;;;;;;;
玉林市玉州区晨凡百货店;https://shop27082e740d2y6.1688.com;4;1;https://detail.1688.com/offer/650560233330.html;;;;;;;;;;;;;;;;;10;https://detail.1688.com/offer/650379664718.html;;;;;;;;;;;;;;;;;;;;;;;;;;;;;;;;;;;;;;;;;;;;;;;;;;;;;;;;;;;;;;;;;43;https://detail.1688.com/offer/651165838632.html;;;;;;;;;;;;;;;;;;;;;;;;;;;;;;;;;;;;;;;;;;;;;;;;;;;;;;;;;;;;;;;;;;;77;https://detail.1688.com/offer/650384092032.html;;;;;;;;;;;;;;;;;;;;;;;;;;;;;;;;;;;;;;;;
丰泽区尔送百货网店;https://shop0cq98q0901938.1688.com;4;1;https://detail.1688.com/offer/654676104208.html;;;;;;;5;https://detail.1688.com/offer/654676104208.html;6;https://detail.1688.com/offer/654676104208.html;;;;;;;;;;;;;;;;;;;;;17;https://detail.1688.com/offer/654676104208.html;;;;;;;;;;;;;;;;;;;;;;;;;;;;;;;;;;;;;;;;;;;;;;;;;;;;;;;;;;;;;;;;;;;;;;;;;;;;;;;;;;;;;;;;;;;;;;;;;;;;;;;;;;;;;;;;;;;;;;;;;;;;;;;;;;;;;;;;;;;;;;;;;;;;;;;;;;;;;;;;
长沙市天心区勤雄百货商行;https://shop4544920445388.1688.com;4;1;https://detail.1688.com/offer/655781715554.html;;;;;4;https://detail.1688.com/offer/655781715554.html;5;https://detail.1688.com/offer/655781715554.html;6;https://detail.1688.com/offer/655781715554.html;;;;;;;;;;;;;;;;;;;;;;;;;;;;;;;;;;;;;;;;;;;;;;;;;;;;;;;;;;;;;;;;;;;;;;;;;;;;;;;;;;;;;;;;;;;;;;;;;;;;;;;;;;;;;;;;;;;;;;;;;;;;;;;;;;;;;;;;;;;;;;;;;;;;;;;;;;;;;;;;;;;;;;;;;;;;;;;;;;;;;;
余江区长洋经营部;https://shop457u9589073o0.1688.com;4;1;https://detail.1688.com/offer/655776171697.html;;;;;;;;;;;;;;;;;;;;;;;;;;;;;;;;;;;;;;;;;;;;;;;;;;;;;;;;;;;31;https://detail.1688.com/offer/655050081266.html;32;https://detail.1688.com/offer/655781575112.html;;;;;35;https://detail.1688.com/offer/654930461767.html;;;;;;;;;;;;;;;;;;;;;;;;;;;;;;;;;;;;;;;;;;;;;;;;;;;;;;;;;;;;;;;;;;;;;;;;;;;;;;;;;;;;;;;;;;;;;;;;;;;;;;;;;;;;;;;;;;;;;;;;;;;;
义乌市名夏饰品有限公司;https://shop3255lu3598d98.1688.com;4;1;https://detail.1688.com/offer/615959865612.html;;;;;;;;;6;https://detail.1688.com/offer/615675768761.html;;;;;;;;;;;;;;;;;;;;;;;;;;;;;;;;;;;;;;;;;;;;;;;;;;;32;https://detail.1688.com/offer/623450420915.html;;;34;https://detail.1688.com/offer/619340590642.html;;;;;;;;;;;;;;;;;;;;;;;;;;;;;;;;;;;;;;;;;;;;;;;;;;;;;;;;;;;;;;;;;;;;;;;;;;;;;;;;;;;;;;;;;;;;;;;;;;;;;;;;;;;;;;;;;;;;;;;;;;;;;;
漳州开发区藤笑柳百货店;https://shop883x7343k4p44.1688.com;4;1;https://detail.1688.com/offer/649717358916.html;;;;;;;5;https://detail.1688.com/offer/649717358916.html;;;;;;;;;;;;;;;;;;;;;;;17;https://detail.1688.com/offer/649038142528.html;;;;;;;;;;;;;;;;;;;;;;;;;;;;;;;;;;;;;;;;;;;39;https://detail.1688.com/offer/645840956988.html;;;;;;;;;;;;;;;;;;;;;;;;;;;;;;;;;;;;;;;;;;;;;;;;;;;;;;;;;;;;;;;;;;;;;;;;;;;;;;;;;;;;;;;;;;;;;;;;;;;;;;;;;;;;;;;;;;;;
义乌市树乔电子商务有限公司;https://shop98v2f8944f131.1688.com;4;1;https://detail.1688.com/offer/641448614218.html;;;3;https://detail.1688.com/offer/632856172640.html;;;;;;;;;;;;;;;11;https://detail.1688.com/offer/632856172640.html;;;;;;;;;;;;;;;;;;;;;;;;;;;;;;;;;;;;;;;;;;;;;;;;;;;37;https://detail.1688.com/offer/632856172640.html;;;;;;;;;;;;;;;;;;;;;;;;;;;;;;;;;;;;;;;;;;;;;;;;;;;;;;;;;;;;;;;;;;;;;;;;;;;;;;;;;;;;;;;;;;;;;;;85;https://detail.1688.com/offer/650073949536.html;;;;;;;;;;;91;https://detail.1688.com/offer/649656532547.html;;;;;;;;;;;;
义乌市安哲电子商务商行;https://shop1354359731327.1688.com;4;1;https://detail.1688.com/offer/1287641342.html;;;;;;;;;;;;;;;;;10;https://detail.1688.com/offer/1287641342.html;;;12;https://detail.1688.com/offer/1286684171.html;;;;;;;;;;;;;;;;;;;;;;;;;;;;;;;;;;;;;;;;;;;;;;;;;;;;;;;;;41;https://detail.1688.com/offer/573319023427.html;;;;;;;;;;;;;;;;;;;;;;;;;;;;;;;;;;;;;;;;;;;;;;;;;;;;;;;;;;;;;;;;;;;;;;;;;;;;;;;;;;;;;;;85;https://detail.1688.com/offer/652577692926.html;;;;;;;;;;;91;https://detail.1688.com/offer/653009225902.html;;;;;;;;;;;97;https://detail.1688.com/offer/652582412328.html
义乌市馥甄电子商务商行;https://shop598d82508x001.1688.com;4;1;https://detail.1688.com/offer/652033489718.html;;;;;;;;;;;;;;;;;;;;;;;;;;;;;;;;;;;;;;;;;22;https://detail.1688.com/offer/652660201339.html;;;;;;;26;https://detail.1688.com/offer/641422689686.html;;;;;;;;;;;;;;;;;;;;;;;;;;;;;;;;;;;;;;;;;;;;;;;;;;;;;;;;;;;;;;;;;;;;;;;;;;;;;;;;;;;68;https://detail.1688.com/offer/653415475625.html;;;;;;;;;;;;;;;;;;;;;;;;;;;;;;;;;;;;;;;;;;;;;;;;;;;;;;;;;;
义乌市娇黠电子商务商行;https://shop0920366369vn1.1688.com;4;15;https://detail.1688.com/offer/655403095866.html;;;;;;;;;;;;;22;https://detail.1688.com/offer/652713373775.html;;;;;;;;;;;;;;;;;;;;;;;;;;;;;;;;;;;;;41;https://detail.1688.com/offer/654807490055.html;;;;;;;;;;;;;;;;;;;;;;;;;;;;;;;;;;;;;;;61;https://detail.1688.com/offer/655192743877.html;;;;;;;;;;;;;;;;;;;;;;;;;;;;;;;;;;;;;;;;;;;;;;;;;;;;;;;;;;;;;;;;;;;;;;;;;;;;;;;;;;;;;;;;;;;;;;;;;;;;
南平市建阳区俊星百货商行;https://shop2so35568129v9.1688.com;4;15;https://detail.1688.com/offer/656067638982.html;;;;;;;19;https://detail.1688.com/offer/655144562112.html;20;https://detail.1688.com/offer/655144562112.html;;;;;;;;;;;;;;;;;29;https://detail.1688.com/offer/655854410782.html;;;;;;;;;;;;;;;;;;;;;;;;;;;;;;;;;;;;;;;;;;;;;;;;;;;;;;;;;;;;;;;;;;;;;;;;;;;;;;;;;;;;;;;;;;;;;;;;;;;;;;;;;;;;;;;;;;;;;;;;;;;;;;;;;;;;;;;;;;;;;;;;;;;;;;;;;;;;;;;;;;;;
五华县横陂镇月平科技馆;https://shop3v20349039t77.1688.com;4;15;https://detail.1688.com/offer/652309431878.html;;;;;;;;;;;;;;;;;;;;;;;;;;;;;;;;;;;;;;;;;;;;;;;;;;;;;;;;;44;https://detail.1688.com/offer/653765841971.html;;;;;;;;;;;;;;;;;;;;;;;;;;;;;;;;;;;;;;;;;;;;;;;;;;;;;;;72;https://detail.1688.com/offer/654627010324.html;;;;;;;;;;;;;;;;;;;;;;;84;https://detail.1688.com/offer/652225859476.html;;;;;;;;;;;;;;;;;;;;;;;;;;;;;;;;;;;;;;;;;;;;;;;;;;;;;;
东阳市钻宇饰品有限公司;https://zuanyu.1688.com;4;18;https://detail.1688.com/offer/646366611786.html;;;20;https://detail.1688.com/offer/577576321761.html;21;https://detail.1688.com/offer/619316144482.html;;;;;;;;;;;;;;;;;;;;;;;;;;;35;https://detail.1688.com/offer/611282443650.html;;;;;;;;;;;;;;;;;;;;;;;;;;;;;;;;;;;;;;;;;;;;;;;;;;;;;;;;;;;;;;;;;;;;;;;;;;;;;;;;;;;;;;;;;;;;;;;;;;;;;;;;;;;;;;;;;;;;;;;;;;;;;;;;;;;;;;;;;;;;;;;;;;;;;;;;;;;;;;
东阳市白云一铭饰品厂;https://shop6634h06548615.1688.com;4;18;https://detail.1688.com/offer/652179203288.html;;;20;https://detail.1688.com/offer/652179203288.html;21;https://detail.1688.com/offer/652189395720.html;;;;;;;;;;;;;;;;;;;;;;;;;;;35;https://detail.1688.com/offer/651006304472.html;;;;;;;;;;;;;;;;;;;;;;;;;;;;;;;;;;;;;;;;;;;;;;;;;;;;;;;;;;;;;;;;;;;;;;;;;;;;;;;;;;;;;;;;;;;;;;;;;;;;;;;;;;;;;;;;;;;;;;;;;;;;;;;;;;;;;;;;;;;;;;;;;;;;;;;;;;;;;;
义乌市鼎圣日用品有限公司;https://shop48p5953553186.1688.com;4;19;https://detail.1688.com/offer/642981106385.html;;;;;;;;;;;;;;;;;;;;;;;;;32;https://detail.1688.com/offer/600802190544.html;;;;;35;https://detail.1688.com/offer/600802190544.html;;;;;;;;;;;;;;;;;;;45;https://detail.1688.com/offer/557204687482.html;;;;;;;;;;;;;;;;;;;;;;;;;;;;;;;;;;;;;;;;;;;;;;;;;;;;;;;;;;;;;;;;;;;;;;;;;;;;;;;;;;;;;;;;;;;;;;;;;;;;;;;;;;;;;;;;;;;;;;;;;;;;;;;;;;;;;;;;;;;;
义乌市霞劲电子商务商行;https://shop859t20r10b370.1688.com;4;38;https://detail.1688.com/offer/650634686137.html;39;https://detail.1688.com/offer/652297612015.html;;;41;https://detail.1688.com/offer/655650694468.html;;;;;;;;;;;;;;;;;;;;;;;;;;;;;56;https://detail.1688.com/offer/655629151508.html;;;;;;;;;;;;;;;;;;;;;;;;;;;;;;;;;;;;;;;;;;;;;;;;;;;;;;;;;;;;;;;;;;;;;;;;;;;;;;;;;;;;;;;;;;;;;;;;;;;;;;;;;;;;;;;;;;;;;;;;;;;;;;;;;;;;;;;;;;;;;;;;;;;;;;;;;;;;
义乌市丛嘟饰品厂;https://congdu88888.1688.com;4;42;https://detail.1688.com/offer/570406991474.html;;;;;;;46;https://detail.1688.com/offer/567673299589.html;;;;;;;;;;;;;;;;;;;;;;;;;;;;;;;62;https://detail.1688.com/offer/570079703857.html;;;;;;;;;;;;;;;;;;;;;;;;;;;;;;;;;;;;;;;;;;;;;;;;;;;;;;;;;;;;;;;;;;;;;97;https://detail.1688.com/offer/576010546868.html;;;;;;;;;;;;;;;;;;;;;;;;;;;;;;;;;;;;;;;;;;;;;;;;;;;;;;;;;;;;;;;;;;;;;;;;;;;;;;;;;;
义乌市梵伦饰品有限公司;https://anser3.1688.com;4;42;https://detail.1688.com/offer/530383096536.html;;;;;;;;;;;;;;;;;;;;;;;;;;;;;;;;;;;;;;;62;https://detail.1688.com/offer/530336314353.html;;;;;;;;;;;;;;;;;;;;;;;74;https://detail.1688.com/offer/546216513999.html;75;https://detail.1688.com/offer/640348666129.html;;;;;;;;;;;;;;;;;;;;;;;;;;;;;;;;;;;;;;;;;;;;;;;;;;;;;;;;;;;;;;;;;;;;;;;;;;;;;;;;;;;;;;;;;;;;;;;;;;;;;;;;;;;;;;;;;;;;;;;;;;;;;;
铅山县易万饰品厂;https://shop20a496894w794.1688.com;4;45;https://detail.1688.com/offer/641560669082.html;;;;;;;;;;;;;;;;;;;;;;;;;;;;;;;;;;;;;;;;;;;;;68;https://detail.1688.com/offer/641257052525.html;;;;;;;;;;;;;;;;;;;;;;;;;;;;;;;;;;;86;https://detail.1688.com/offer/642405438715.html;87;https://detail.1688.com/offer/642405438715.html;;;;;;;;;;;;;;;;;;;;;;;;;;;;;;;;;;;;;;;;;;;;;;;;;;;;;;;;;;;;;;;;;;;;;;;;;;;;;;;;;;;;;;;;;;;;;;;;;;;;;;;;;;;;
义乌钦芹贸易商行;https://shop21300pbj32428.1688.com;4;45;https://detail.1688.com/offer/654798149731.html;;;;;;;;;;;;;;;;;;;;;;;;;;;;;;;;;;;;;64;https://detail.1688.com/offer/655102782097.html;;;;;;;;;;;;;;;;;;;;;;;;;;;;;;;;;;;;;;;;;;;86;https://detail.1688.com/offer/655514418172.html;87;https://detail.1688.com/offer/655514418172.html;;;;;;;;;;;;;;;;;;;;;;;;;;;;;;;;;;;;;;;;;;;;;;;;;;;;;;;;;;;;;;;;;;;;;;;;;;;;;;;;;;;;;;;;;;;;;;;;;;;;;;;;;;;;
宁乡俄远服装店;https://dwfzc99.1688.com;4;45;https://detail.1688.com/offer/603527447683.html;;;;;;;;;;;;;;;;;;;;;;;;;;;;;;;;;;;63;https://detail.1688.com/offer/584906213334.html;64;https://detail.1688.com/offer/645120151465.html;;;;;;;;;;;;;;;;;;;;;;;;;;;;;;;;;;;;;;;;;;;;;;;;;;;;;;;;;;;;;;;;;97;https://detail.1688.com/offer/635080196912.html;;;;;;;;;;;;;;;;;;;;;;;;;;;;;;;;;;;;;;;;;;;;;;;;;;;;;;;;;;;;;;;;;;;;;;;;;;;;;;;;;;;;;;;;
义乌市辉耀饰品有限公司;https://shop7zdy956760942.1688.com;4;46;https://detail.1688.com/offer/634752061107.html;;;;;;;;;;;;;;;;;;;;;;;;;;;;;;;;;;;;;;;;;;;;;;;;;;;;;;;74;https://detail.1688.com/offer/643266286575.html;75;https://detail.1688.com/offer/640541525488.html;;;;;;;;;;;;;;;;;;;;;;;;;;;;;90;https://detail.1688.com/offer/632288665230.html;;;;;;;;;;;;;;;;;;;;;;;;;;;;;;;;;;;;;;;;;;;;;;;;;;;;;;;;;;;;;;;;;;;;;;;;;;;;;;;;;;;;;;;;;;;;;;;;;;;;;;;;
义乌市唯合工艺品有限公司;https://qinghehuashi1991.1688.com;4;57;https://detail.1688.com/offer/650084791825.html;58;https://detail.1688.com/offer/650084791825.html;59;https://detail.1688.com/offer/608557015120.html;60;https://detail.1688.com/offer/624689254740.html;;;;;;;;;;;;;;;;;;;;;;;;;;;;;;;;;;;;;;;;;;;;;;;;;;;;;;;;;;;;;;;;;;;;;;;;;;;;;;;;;;;;;;;;;;;;;;;;;;;;;;;;;;;;;;;;;;;;;;;;;;;;;;;;;;;;;;;;;;;;;;;;;;;;;;;;;;;;;;;;;;;;;;;;;;;;;;;;;;;;;;;;;;
义乌市欢欣饰品有限公司;https://1688happy.1688.com;4;74;https://detail.1688.com/offer/526215239487.html;75;https://detail.1688.com/offer/539336731267.html;76;https://detail.1688.com/offer/619724948014.html;77;https://detail.1688.com/offer/618627254757.html;;;;;;;;;;;;;;;;;;;;;;;;;;;;;;;;;;;;;;;;;;;;;;;;;;;;;;;;;;;;;;;;;;;;;;;;;;;;;;;;;;;;;;;;;;;;;;;;;;;;;;;;;;;;;;;;;;;;;;;;;;;;;;;;;;;;;;;;;;;;;;;;;;;;;;;;;;;;;;;;;;;;;;;;;;;;;;;;;;;;;;;;;;
义乌市惜郁电子商务有限公司;https://shop1429289450420.1688.com;4;78;https://detail.1688.com/offer/596429363907.html;79;https://detail.1688.com/offer/599631241998.html;;;;;;;;;;;;;;;;;;;;;;;;;92;https://detail.1688.com/offer/571363291357.html;93;https://detail.1688.com/offer/584566620649.html;;;;;;;;;;;;;;;;;;;;;;;;;;;;;;;;;;;;;;;;;;;;;;;;;;;;;;;;;;;;;;;;;;;;;;;;;;;;;;;;;;;;;;;;;;;;;;;;;;;;;;;;;;;;;;;;;;;;;;;;;;;;;;;;;;;;;;;;;;;;;;;;;;;;;;;;;;;;;;;;;;
义乌市铭菲饰品有限公司;https://shop9g7723b437x19.1688.com;4;79;https://detail.1688.com/offer/590918416110.html;;;;;;;;;;;85;https://detail.1688.com/offer/588694497077.html;;;;;;;;;;;91;https://detail.1688.com/offer/561506070321.html;92;https://detail.1688.com/offer/562786320795.html;;;;;;;;;;;;;;;;;;;;;;;;;;;;;;;;;;;;;;;;;;;;;;;;;;;;;;;;;;;;;;;;;;;;;;;;;;;;;;;;;;;;;;;;;;;;;;;;;;;;;;;;;;;;;;;;;;;;;;;;;;;;;;;;;;;;;;;;;;;;;;;;;;;;;;;;;;;;;;;;;;;;;;
亳州市谯城区丹顺饰品厂;https://1688yiwu.1688.com;4;80;https://detail.1688.com/offer/43082619707.html;;;82;https://detail.1688.com/offer/562215003725.html;;;;;;;;;;;;;;;;;;;;;;;94;https://detail.1688.com/offer/561388134628.html;95;https://detail.1688.com/offer/542959386377.html;;;;;;;;;;;;;;;;;;;;;;;;;;;;;;;;;;;;;;;;;;;;;;;;;;;;;;;;;;;;;;;;;;;;;;;;;;;;;;;;;;;;;;;;;;;;;;;;;;;;;;;;;;;;;;;;;;;;;;;;;;;;;;;;;;;;;;;;;;;;;;;;;;;;;;;;;;;;;;;;;;
义乌市品言贸易有限公司;https://shop2u216l7788p30.1688.com;4;81;https://detail.1688.com/offer/645228435231.html;;;;;;;85;https://detail.1688.com/offer/647774679537.html;;;;;;;;;;;91;https://detail.1688.com/offer/648164735330.html;92;https://detail.1688.com/offer/642378124492.html;;;;;;;;;;;;;;;;;;;;;;;;;;;;;;;;;;;;;;;;;;;;;;;;;;;;;;;;;;;;;;;;;;;;;;;;;;;;;;;;;;;;;;;;;;;;;;;;;;;;;;;;;;;;;;;;;;;;;;;;;;;;;;;;;;;;;;;;;;;;;;;;;;;;;;;;;;;;;;;;;;;;;;;;;;
义乌市简拉电子商务有限公司;https://jianlajewelry.1688.com;4;90;https://detail.1688.com/offer/652981921008.html;;;92;https://detail.1688.com/offer/596966121531.html;93;https://detail.1688.com/offer/580675013158.html;;;;;;;97;https://detail.1688.com/offer/587748342328.html;;;;;;;;;;;;;;;;;;;;;;;;;;;;;;;;;;;;;;;;;;;;;;;;;;;;;;;;;;;;;;;;;;;;;;;;;;;;;;;;;;;;;;;;;;;;;;;;;;;;;;;;;;;;;;;;;;;;;;;;;;;;;;;;;;;;;;;;;;;;;;;;;;;;;;;;;;;;;;;;;;;;;;;;;;;;;;;;;;
义乌市真希饰品有限公司;https://shop0021978t69th0.1688.com;3;1;https://detail.1688.com/offer/624504600165.html;;;;;;;;;;;;;;;;;;;;;12;https://detail.1688.com/offer/578184189214.html;;;;;;;;;;;;;;;;;;;;;;;;;;;;;;;;;;;;;;;;;;;;;;;;;;;;;;;;;;;;;;;;;;;;;;;;;;;;;51;https://detail.1688.com/offer/579492750727.html;;;;;;;;;;;;;;;;;;;;;;;;;;;;;;;;;;;;;;;;;;;;;;;;;;;;;;;;;;;;;;;;;;;;;;;;;;;;;;;;;;;;;;;;;;;;
广州伊汇旺贸易商行;https://shop44448202626t5.1688.com;3;1;https://detail.1688.com/offer/654411351402.html;;;;;;;;;;;;;;;;;;;;;;;;;;;;;;;;;;;;;;;;;;;;;;;;;;;;;;;;;30;https://detail.1688.com/offer/653993412542.html;;;32;https://detail.1688.com/offer/654201526931.html;;;;;;;;;;;;;;;;;;;;;;;;;;;;;;;;;;;;;;;;;;;;;;;;;;;;;;;;;;;;;;;;;;;;;;;;;;;;;;;;;;;;;;;;;;;;;;;;;;;;;;;;;;;;;;;;;;;;;;;;;;;;;;;;;;
东莞市丝唯实业有限公司;https://shop0955284kc6m06.1688.com;3;1;https://detail.1688.com/offer/622798910298.html;;;;;;;5;https://detail.1688.com/offer/622798910298.html;;;;;;;;;;;;;;;;;;;;;;;;;;;;;;;;;;;;;;;;;;;;;;;;;;;;;;;;;;;;;;;37;https://detail.1688.com/offer/622798910298.html;;;;;;;;;;;;;;;;;;;;;;;;;;;;;;;;;;;;;;;;;;;;;;;;;;;;;;;;;;;;;;;;;;;;;;;;;;;;;;;;;;;;;;;;;;;;;;;;;;;;;;;;;;;;;;;;;;;;;;;;
玉林市玉州区鸿叶百货店;https://shop1y97137309xq1.1688.com;3;1;https://detail.1688.com/offer/651330981129.html;;;;;;;5;https://detail.1688.com/offer/651330981129.html;;;;;;;;;;;;;;;;;;;;;;;;;;;;;;;;;;;;;;;;;;;;;;;;;;;31;https://detail.1688.com/offer/651708917370.html;;;;;;;;;;;;;;;;;;;;;;;;;;;;;;;;;;;;;;;;;;;;;;;;;;;;;;;;;;;;;;;;;;;;;;;;;;;;;;;;;;;;;;;;;;;;;;;;;;;;;;;;;;;;;;;;;;;;;;;;;;;;;;;;;;;;
高新区枫桥亿盛开百货商行;https://shop1a8295q96z834.1688.com;3;1;https://detail.1688.com/offer/655332635904.html;;;;;;;5;https://detail.1688.com/offer/655332635904.html;;;;;;;;;;;;;;;;;;;;;;;;;;;;;;;;;;;;;;;;;;;;;;;;;;;;;;;;;;;;;;;;;;;;;40;https://detail.1688.com/offer/655089482874.html;;;;;;;;;;;;;;;;;;;;;;;;;;;;;;;;;;;;;;;;;;;;;;;;;;;;;;;;;;;;;;;;;;;;;;;;;;;;;;;;;;;;;;;;;;;;;;;;;;;;;;;;;;;;;;;;;;
义乌市艾诺电子商务商行;https://shop67704t30492h4.1688.com;3;1;https://detail.1688.com/offer/578806709733.html;;;;;;;;;;;;;;;;;;;;;;;;;;;;;;;;;;;;;;;;;;;;;;;;;;;;;;;;;;;;;;;;;;;;;;;37;https://detail.1688.com/offer/647105453996.html;;;39;https://detail.1688.com/offer/641632225980.html;;;;;;;;;;;;;;;;;;;;;;;;;;;;;;;;;;;;;;;;;;;;;;;;;;;;;;;;;;;;;;;;;;;;;;;;;;;;;;;;;;;;;;;;;;;;;;;;;;;;;;;;;;;;;;;;;;;;
义乌市美涛化妆用具有限公司;https://ywmeitao.1688.com;3;1;https://detail.1688.com/offer/655079495217.html;;;;;;;;;6;https://detail.1688.com/offer/655079495217.html;;;;;;;;;;;12;https://detail.1688.com/offer/653656785524.html;;;;;;;;;;;;;;;;;;;;;;;;;;;;;;;;;;;;;;;;;;;;;;;;;;;;;;;;;;;;;;;;;;;;;;;;;;;;;;;;;;;;;;;;;;;;;;;;;;;;;;;;;;;;;;;;;;;;;;;;;;;;;;;;;;;;;;;;;;;;;;;;;;;;;;;;;;;;;;;;;;;;;;;;;;
城阳区霖昊盛工艺品商行;https://qdlhssp.1688.com;3;1;https://detail.1688.com/offer/636004102677.html;;;;;;;;;;;;;;;;;;;;;;;;;;;;;;;;;;;;;;;;;;;;;;;;;26;https://detail.1688.com/offer/638328517299.html;;;;;;;;;;;;;;;;;;;;;;;;;39;https://detail.1688.com/offer/635329040265.html;;;;;;;;;;;;;;;;;;;;;;;;;;;;;;;;;;;;;;;;;;;;;;;;;;;;;;;;;;;;;;;;;;;;;;;;;;;;;;;;;;;;;;;;;;;;;;;;;;;;;;;;;;;;;;;;;;;;
义乌市道墨饰品有限公司;https://shop162429nm276e8.1688.com;3;1;https://detail.1688.com/offer/645178428276.html;;;;;;;;;;;7;https://detail.1688.com/offer/652651095732.html;;;;;10;https://detail.1688.com/offer/649355932394.html;;;;;;;;;;;;;;;;;;;;;;;;;;;;;;;;;;;;;;;;;;;;;;;;;;;;;;;;;;;;;;;;;;;;;;;;;;;;;;;;;;;;;;;;;;;;;;;;;;;;;;;;;;;;;;;;;;;;;;;;;;;;;;;;;;;;;;;;;;;;;81;https://detail.1688.com/offer/592551567417.html;82;https://detail.1688.com/offer/588796365356.html;;;;;;;;;;;;;;;;;91;https://detail.1688.com/offer/599149994408.html;;;;;;;;;;;97;https://detail.1688.com/offer/652030073638.html
高新区枫桥明吉源服装商行;https://shop72b8257807978.1688.com;3;1;https://detail.1688.com/offer/656248623785.html;;;3;https://detail.1688.com/offer/654968476527.html;;;;;;;;;;;;;;;;;;;;;;;;;;;;;;;19;https://detail.1688.com/offer/655484469105.html;;;;;;;;;;;;;;;;;;;;;;;;;;;;;;;;;;;;;;;;;;;;;;;;;;;;;;;;;;;;;;;;;;;;;;;;;;;;;;;;;;;;;;;;;;;;;;;;;;;;;;;;;;;;;;;;;;;;;;;;;;;81;https://detail.1688.com/offer/592633678561.html;82;https://detail.1688.com/offer/588695563624.html;;;;;;;;;;;;;;;;;91;https://detail.1688.com/offer/649218753289.html;;;93;https://detail.1688.com/offer/586125662679.html;94;https://detail.1688.com/offer/648869880602.html;;;;;97;https://detail.1688.com/offer/651607588442.html
义乌市湘溆电子商务商行;https://shop934a4e2k46684.1688.com;3;1;https://detail.1688.com/offer/601763098663.html;;;;;;;5;https://detail.1688.com/offer/601763098663.html;;;7;https://detail.1688.com/offer/600351975025.html;;;;;;;;;;;;;;;;;;;;;;;;;;;;;;;;;;;;;;;;;;;;;;;;;;;;;;;;;;;;;;;;;;;;;;;;;;;;;;;;;;;;;;;;;;;;;;;;;;;;;;;;;;;;;;;;;;;;;;;;;;;;;;;;;;;;;;;;;;;;;;;;;;;;;;;;;;;;;;;;;;;;;;;;;;;;;;;;;;;;
厦门蓓莱莉服装饰品有限公司;https://shop43224h3409363.1688.com;3;1;https://detail.1688.com/offer/581462719137.html;;;;;;;;;;;7;https://detail.1688.com/offer/581462719137.html;;;;;;;;;;;13;https://detail.1688.com/offer/596633130335.html;;;;;;;;;;;;;;;;;;;;;;;;;;;;;;;;;;;;;;;;;;;;;;;;;;;;;;;;;;;;;;;;;;;;;;;;;;;;;;;;;;;;;;;;;;;;;;;;;;;;;;;;;;;;;;;;;;;;;;;;;;;;;;;;;;;;;;;;;;;;;;;;;;;;;;;;;;;;;;;;;;;;;;;;
广州市花都区狮岭连有服装店;https://shop08g5e00677125.1688.com;3;1;https://detail.1688.com/offer/654359290968.html;;;;;;;;;;;;;;;;;10;https://detail.1688.com/offer/654359290968.html;;;;;;;;;;;16;https://detail.1688.com/offer/654359290968.html;;;;;;;;;;;;;;;;;;;;;;;;;;;;;;;;;;;;;;;;;;;;;;;;;;;;;;;;;;;;;;;;;;;;;;;;;;;;;;;;;;;;;;;;;;;;;;;;;;;;;;;;;;;;;;;;;;;;;;;;;;;;;;;;;;;;;;;;;;;;;;;;;;;;;;;;;;;;;;;;;;
广州市花都区狮岭英众皮具商行;https://shop909g800059446.1688.com;3;1;https://detail.1688.com/offer/655401847094.html;;;;;;;;;;;;;;;;;10;https://detail.1688.com/offer/655401847094.html;;;;;;;;;;;16;https://detail.1688.com/offer/655401847094.html;;;;;;;;;;;;;;;;;;;;;;;;;;;;;;;;;;;;;;;;;;;;;;;;;;;;;;;;;;;;;;;;;;;;;;;;;;;;;;;;;;;;;;;;;;;;;;;;;;;;;;;;;;;;;;;;;;;;;;;;;;;;;;;;;;;;;;;;;;;;;;;;;;;;;;;;;;;;;;;;;;
南平市建阳区达敦蔺电子商务商行;https://shop782h3g94d0828.1688.com;3;1;https://detail.1688.com/offer/653314467756.html;;;;;;;;;;;;;;;;;;;;;;;;;;;;;;;17;https://detail.1688.com/offer/653314467756.html;;;;;;;;;;;23;https://detail.1688.com/offer/653566731024.html;;;;;;;;;;;;;;;;;;;;;;;;;;;;;;;;;;;;;;;;;;;;;;;;;;;;;;;;;;;;;;;;;;;;;;;;;;;;;;;;;;;;;;;;;;;;;;;;;;;;;;;;;;;;;;;;;;;;;;;;;;;;;;;;;;;;;;;;;;;;;;;;;;;;
义乌市凌果饰品厂;https://lingguoshipin.1688.com;3;1;https://detail.1688.com/offer/625159908274.html;;;;;;;;;;;;;;;;;;;;;;;;;;;;;;;;;;;;;;;;;;;;;;;;;26;https://detail.1688.com/offer/626853422622.html;;;;;;;;;;;;;;;;;;;;;;;;;;;;;;;;;43;https://detail.1688.com/offer/622830705197.html;;;;;;;;;;;;;;;;;;;;;;;;;;;;;;;;;;;;;;;;;;;;;;;;;;;;;;;;;;;;;;;;;;;;;;;;;;;;;;;;;;;;;;;;;;;;;;;;;;;;;;;;;;;;
丹阳市界牌镇库克威家居用品厂;https://shop4209w0o7571y9.1688.com;3;1;https://detail.1688.com/offer/653403139083.html;;;;;;;;;;;;;;;;;;;;;;;;;;;;;;;;;;;;;;;;;;;;;;;25;https://detail.1688.com/offer/651958476737.html;;;;;;;;;;;31;https://detail.1688.com/offer/654556060402.html;;;;;;;;;;;;;;;;;;;;;;;;;;;;;;;;;;;;;;;;;;;;;;;;;;;;;;;;;;;;;;;;;;;;;;;;;;;;;;;;;;;;;;;;;;;;;;;;;;;;;;;;;;;;;;;;;;;;;;;;;;;;;;;;;;;;
义乌市港迅日用百货商行;https://shop9z23281343467.1688.com;3;1;https://detail.1688.com/offer/643080735013.html;;;;;;;;;;;;;;;;;;;;;;;;;;;;;;;;;;;;;;;;;;;;;;;25;https://detail.1688.com/offer/636813315133.html;;;;;;;;;;;;;;;;;;;;;;;;;;;;;;;;;;;43;https://detail.1688.com/offer/635960204683.html;;;;;;;;;;;;;;;;;;;;;;;;;;;;;;;;;;;;;;;;;;;;;;;;;;;;;;;;;;;;;;;;;;;;;;;;;;;;;;;;;;;;;;;;;;;;;;;;;;;;;;;;;;;;
义乌市佳购日用百货商行;https://shop5583e2x026p15.1688.com;3;1;https://detail.1688.com/offer/642006828995.html;;;;;;;;;;;;;;;;;;;;;;;;;;;;;;;;;;;;;;;;;;;;;;;;;;;;;;;;;;;;;;;;;;;;;;;;;;;;;;;;;;;43;https://detail.1688.com/offer/636740039113.html;;;;;;;;;;;;;;;51;https://detail.1688.com/offer/642812178423.html;;;;;;;;;;;;;;;;;;;;;;;;;;;;;;;;;;;;;;;;;;;;;;;;;;;;;;;;;;;;;;;;;;;;;;;;;;;;;;;;;;;;;;;;;;;;
义乌市奥朵饰品厂;https://shop55h12o4729902.1688.com;3;1;https://detail.1688.com/offer/626191715312.html;;;;;;;;;;;;;;;;;;;;;;;;;;;;;;;;;;;;;;;;;;;;;;;;;;;;;;;29;https://detail.1688.com/offer/635756438985.html;;;;;;;;;;;;;;;;;;;;;;;;;42;https://detail.1688.com/offer/643143009151.html;;;;;;;;;;;;;;;;;;;;;;;;;;;;;;;;;;;;;;;;;;;;;;;;;;;;;;;;;;;;;;;;;;;;;;;;;;;;;;;;;;;;;;;;;;;;;;;;;;;;;;;;;;;;;;
杭州余杭区乔司街道婷砚服饰商行;https://shop06pb9790875r4.1688.com;3;1;https://detail.1688.com/offer/655970615889.html;;;;;;;;;;;;;;;;;10;https://detail.1688.com/offer/655970615889.html;;;;;;;;;;;;;;;;;;;;;;;;;23;https://detail.1688.com/offer/654221653438.html;;;;;;;;;;;;;;;;;;;;;;;;;;;;;;;;;;;;;;;;;;;;;;;;;;;;;;;;;;;;;;;;;;;;;;;;;;;;;;;;;;;;;;;;;;;;;;;;;;;;;;;;;;;;;;;;;;;;;;;;;;;;;;;;;;;;;;;;;;;;;;;;;;;;
义乌市访琴饰品有限公司;https://shop3j7801079j334.1688.com;3;1;https://detail.1688.com/offer/652860507210.html;;;;;;;;;;;;;;;;;10;https://detail.1688.com/offer/652860507210.html;;;;;;;;;;;;;;;;;;;20;https://detail.1688.com/offer/632338377597.html;;;;;;;;;;;;;;;;;;;;;;;;;;;;;;;;;;;;;;;;;;;;;;;;;;;;;;;;;;;;;;;;;;;;;;;;;;;;;;;;;;;;;;;;;;;;;;;;;;;;;;;;;;;;;;;;;;;;;;;;;;;;;;;;;;;;;;;;;;;;;;;;;;;;;;;;;;
义乌市西几电子商务有限公司;https://shop4179c79n60563.1688.com;3;1;https://detail.1688.com/offer/653581180951.html;;;;;;;5;https://detail.1688.com/offer/653581180951.html;6;https://detail.1688.com/offer/653581180951.html;;;;;;;;;;;;;;;;;;;;;;;;;;;;;;;;;;;;;;;;;;;;;;;;;;;;;;;;;;;;;;;;;;;;;;;;;;;;;;;;;;;;;;;;;;;;;;;;;;;;;;;;;;;;;;;;;;;;;;;;;;;;;;;;;;;;;;;;;;;;;;;;;;;;;;;;;;;;;;;;;;;;;;;;;;;;;;;;;;;;;;
诸暨市俊泽服饰有限公司;https://shop36p91683059p8.1688.com;3;1;https://detail.1688.com/offer/623856864041.html;;;;;;;;;;;;;;;;;;;;;12;https://detail.1688.com/offer/623856864041.html;;;;;;;;;;;;;;;;;;;;;;;;;;;;;;;;;;;;;;;;;;;;;;;;;;;;;;;;;;;;;;;;;;;;;;;;;;;;;;;;;;;;;;;;;;;;;;;;;;;;;;;;;;;;;;;68;https://detail.1688.com/offer/613471683677.html;;;;;;;;;;;;;;;;;;;;;;;;;;;;;;;;;;;;;;;;;;;;;;;;;;;;;;;;;;
义乌市友厚日用百货商行;https://shop1347358380445.1688.com;3;1;https://detail.1688.com/offer/606538372138.html;;;;;;;;;;;;;;;;;;;;;12;https://detail.1688.com/offer/607020058738.html;;;;;;;;;;;;;;;;;;;;;;;;;;;;;;;;;;;;;;;;;;;;;;;;;;;;;;;;;;;42;https://detail.1688.com/offer/520842331371.html;;;;;;;;;;;;;;;;;;;;;;;;;;;;;;;;;;;;;;;;;;;;;;;;;;;;;;;;;;;;;;;;;;;;;;;;;;;;;;;;;;;;;;;;;;;;;;;;;;;;;;;;;;;;;;
上海心乘贸易有限公司;https://xinchengmaoyi.1688.com;3;1;https://detail.1688.com/offer/610600470841.html;;;3;https://detail.1688.com/offer/610600470841.html;;;;;;;7;https://detail.1688.com/offer/610600470841.html;;;;;;;;;;;;;;;;;;;;;;;;;;;;;;;;;;;;;;;;;;;;;;;;;;;;;;;;;;;;;;;;;;;;;;;;;;;;;;;;;;;;;;;;;;;;;;;;;;;;;;;;;;;;;;;;;;;;;;;;;;;;;;;;;;;;;;;;;;;;;;;;;;;;;;;;;;;;;;;;;;;;;;;;;;;;;;;;;;;;
义乌市庆柯贸易有限公司;https://shop5b6s400z25725.1688.com;3;1;https://detail.1688.com/offer/618038355182.html;;;;;;;;;;;7;https://detail.1688.com/offer/618038355182.html;;;;;;;;;;;;;;;;;;;17;https://detail.1688.com/offer/618038355182.html;;;;;;;;;;;;;;;;;;;;;;;;;;;;;;;;;;;;;;;;;;;;;;;;;;;;;;;;;;;;;;;;;;;;;;;;;;;;;;;;;;;;;;;;;;;;;;;;;;;;;;;;;;;;;;;;;;;;;;;;;;;;;;;;;;;;;;;;;;;;;;;;;;;;;;;;;;;;;;;;
义乌市宝枫贸易有限公司;https://shop569h0d545d986.1688.com;3;1;https://detail.1688.com/offer/606406657817.html;;;;;;;;;;;7;https://detail.1688.com/offer/606406657817.html;;;;;;;;;;;;;;;;;;;17;https://detail.1688.com/offer/606406657817.html;;;;;;;;;;;;;;;;;;;;;;;;;;;;;;;;;;;;;;;;;;;;;;;;;;;;;;;;;;;;;;;;;;;;;;;;;;;;;;;;;;;;;;;;;;;;;;;;;;;;;;;;;;;;;;;;;;;;;;;;;;;;;;;;;;;;;;;;;;;;;;;;;;;;;;;;;;;;;;;;
义乌市艾耶斯美容美发用品有限公司;https://shop1569339862sg6.1688.com;3;1;https://detail.1688.com/offer/606635074341.html;;;;;;;;;;;7;https://detail.1688.com/offer/606635074341.html;;;;;;;;;;;;;;;;;;;17;https://detail.1688.com/offer/606635074341.html;;;;;;;;;;;;;;;;;;;;;;;;;;;;;;;;;;;;;;;;;;;;;;;;;;;;;;;;;;;;;;;;;;;;;;;;;;;;;;;;;;;;;;;;;;;;;;;;;;;;;;;;;;;;;;;;;;;;;;;;;;;;;;;;;;;;;;;;;;;;;;;;;;;;;;;;;;;;;;;;
义乌市绿尔电子商务商行;https://shop2w67803421255.1688.com;3;1;https://detail.1688.com/offer/641126008355.html;;;;;;;;;;;7;https://detail.1688.com/offer/641126008355.html;;;;;;;11;https://detail.1688.com/offer/622009114315.html;;;;;;;;;;;;;;;;;;;;;;;;;;;;;;;;;;;;;;;;;;;;;;;;;;;;;;;;;;;;;;;;;;;;;;;;;;;;;;;;;;;;;;;;;;;;;;;;;;;;;;;;;;;;;;;;;;;;;;;;;;;;;;;;;;;;;;;;;;;;;;;;;;;;;;;;;;;;;;;;;;;;;;;;;;;;
义乌市静足电子商务商行;https://shop334367g1y97y1.1688.com;3;1;https://detail.1688.com/offer/653707427234.html;;;;;4;https://detail.1688.com/offer/652517068787.html;;;;;;;;;;;10;https://detail.1688.com/offer/652517068787.html;;;;;;;;;;;;;;;;;;;;;;;;;;;;;;;;;;;;;;;;;;;;;;;;;;;;;;;;;;;;;;;;;;;;;;;;;;;;;;;;;;;;;;;;;;;;;;;;;;;;;;;;;;;;;;;;;;;;;;;;;;;;;;;;;;;;;;;;;;;;;;;;;;;;;;;;;;;;;;;;;;;;;;;;;;;;;;
高新区枫桥金未米百货商行;https://shop018f81533e8f1.1688.com;3;1;https://detail.1688.com/offer/654894567045.html;;;;;;;5;https://detail.1688.com/offer/654894567045.html;;;;;;;;;;;;;;;;;;;;;;;;;;;;;;;;;;;;;;;;;;;;;28;https://detail.1688.com/offer/653463154635.html;;;;;;;;;;;;;;;;;;;;;;;;;;;;;;;;;;;;;;;;;;;;;;;;;;;;;;;;;;;;;;;;;;;;;;;;;;;;;;;;;;;;;;;;;;;;;;;;;;;;;;;;;;;;;;;;;;;;;;;;;;;;;;;;;;;;;;;;;;
杭州余杭区乔司街道双盈服饰商行;https://shop406545445do07.1688.com;3;1;https://detail.1688.com/offer/654221332259.html;;;;;;;5;https://detail.1688.com/offer/654221332259.html;;;;;;;;;;;;;;;;;;;;;;;;;;;;;;;;;;;;;;;;;;;;;;;;;30;https://detail.1688.com/offer/654361648744.html;;;;;;;;;;;;;;;;;;;;;;;;;;;;;;;;;;;;;;;;;;;;;;;;;;;;;;;;;;;;;;;;;;;;;;;;;;;;;;;;;;;;;;;;;;;;;;;;;;;;;;;;;;;;;;;;;;;;;;;;;;;;;;;;;;;;;;
龙港市崇越电子商务商行;https://shop1q3855g188294.1688.com;3;1;https://detail.1688.com/offer/654868870145.html;;;;;;;5;https://detail.1688.com/offer/654868870145.html;;;;;;;;;;;;;;;;;;;;;;;;;;;;;;;;;;;;;;;;;;;;;;;;;;;;;;;;;;;;;;;;;;;;;;;;;;;;;;;;;;;47;https://detail.1688.com/offer/654121732462.html;;;;;;;;;;;;;;;;;;;;;;;;;;;;;;;;;;;;;;;;;;;;;;;;;;;;;;;;;;;;;;;;;;;;;;;;;;;;;;;;;;;;;;;;;;;;;;;;;;;;
广州市花都区狮岭鑫顶皮具店;https://shop42730698x39k4.1688.com;3;1;https://detail.1688.com/offer/655094153024.html;;;;;;;5;https://detail.1688.com/offer/655094153024.html;;;;;;;;;;;;;;;;;;;;;16;https://detail.1688.com/offer/640059326449.html;;;;;;;;;;;;;;;;;;;;;;;;;;;;;;;;;;;;;;;;;;;;;;;;;;;;;;;;;;;;;;;;;;;;;;;;;;;;;;;;;;;;;;;;;;;;;;;;;;;;;;;;;;;;;;;;;;;;;;;;;;;;;;;;;;;;;;;;;;;;;;;;;;;;;;;;;;;;;;;;;;
润州区岛之香百货商行;https://shop205ff388705f3.1688.com;3;1;https://detail.1688.com/offer/655508162455.html;;;;;;;5;https://detail.1688.com/offer/655508162455.html;6;https://detail.1688.com/offer/655508162455.html;;;;;;;;;;;;;;;;;;;;;;;;;;;;;;;;;;;;;;;;;;;;;;;;;;;;;;;;;;;;;;;;;;;;;;;;;;;;;;;;;;;;;;;;;;;;;;;;;;;;;;;;;;;;;;;;;;;;;;;;;;;;;;;;;;;;;;;;;;;;;;;;;;;;;;;;;;;;;;;;;;;;;;;;;;;;;;;;;;;;;;
新罗区谦湾涛百货店;https://shop7285eg8413963.1688.com;3;1;https://detail.1688.com/offer/636215474028.html;;;;;;;;;;;;;;;;;;;;;;;;;;;;;;;;;;;;;;;;;;;;;;;;;;;;;;;;;;;;;;;;;;;;;;;;;;;;;;;;;;;;;;;;;;;;;;;;;;;;;;;;;;;;;;;;;;;;;;;;;;;;;;;;;;;;;;;;;;;;;;;;;;;75;https://detail.1688.com/offer/635894281645.html;;;77;https://detail.1688.com/offer/633828716356.html;;;;;;;;;;;;;;;;;;;;;;;;;;;;;;;;;;;;;;;;
石狮市简峰开距网络百货商行;https://shop514422074w765.1688.com;3;1;https://detail.1688.com/offer/653259911263.html;;;;;;;;;;;;;;;;;;;;;;;;;;;;;;;;;;;;;;;;;;;23;https://detail.1688.com/offer/652675521236.html;;;;;;;;;28;https://detail.1688.com/offer/652782976031.html;;;;;;;;;;;;;;;;;;;;;;;;;;;;;;;;;;;;;;;;;;;;;;;;;;;;;;;;;;;;;;;;;;;;;;;;;;;;;;;;;;;;;;;;;;;;;;;;;;;;;;;;;;;;;;;;;;;;;;;;;;;;;;;;;;;;;;;;;;
义乌市桐卉电子商务商行;https://shop9p56g57819702.1688.com;3;1;https://detail.1688.com/offer/656115435680.html;;;;;;;;;;;;;;;;;;;;;;;;;;;;;;;;;;;;;;;;;;;;;;;;;;;;;;;;;;;;;;;;;;;;;36;https://detail.1688.com/offer/655791550799.html;;;;;;;40;https://detail.1688.com/offer/656185483580.html;;;;;;;;;;;;;;;;;;;;;;;;;;;;;;;;;;;;;;;;;;;;;;;;;;;;;;;;;;;;;;;;;;;;;;;;;;;;;;;;;;;;;;;;;;;;;;;;;;;;;;;;;;;;;;;;;;
广西龙州丝多莉饰品有限公司;https://shop94b1162e2p233.1688.com;3;1;https://detail.1688.com/offer/624710365585.html;2;https://detail.1688.com/offer/638995431976.html;;;;;;;;;;;;;;;;;;;;;;;;;15;https://detail.1688.com/offer/624710365585.html;;;;;;;;;;;;;;;;;;;;;;;;;;;;;;;;;;;;;;;;;;;;;;;;;;;;;;;;;;;;;;;;;;;;;;;;;;;;;;;;;;;;;;;;;;;;;;;;;;;;;;;;;;;;;;;;;;;;;;;;;;;;;;;;;;;;;;;;;;;;;;;;;;;;;;;;;;;;;;;;;;;;
石狮市简峰双晋网络百货商行;https://shop84156n98r5358.1688.com;3;1;https://detail.1688.com/offer/650663513717.html;;;;;;;;;;;;;;;;;;;;;;;;;;;;;;;;;;;;;;;;;22;https://detail.1688.com/offer/650246280345.html;23;https://detail.1688.com/offer/650246280345.html;;;;;;;;;;;;;;;;;;;;;;;;;;;;;;;;;;;;;;;;;;;;;;;;;;;;;;;;;;;;;;;;;;;;;;;;;;;;;;;;;;;;;;;;;;;;;;;;;;;;;;;;;;;;;;;;;;;;;;;;;;;;;;;;;;;;;;;;;;;;;;;;;;;;
吴益挺;https://shop68422946654h7.1688.com;3;1;https://detail.1688.com/offer/655281367794.html;;;;;;;;;;;;;;;;;10;https://detail.1688.com/offer/654517641678.html;;;12;https://detail.1688.com/offer/655281367794.html;;;;;;;;;;;;;;;;;;;;;;;;;;;;;;;;;;;;;;;;;;;;;;;;;;;;;;;;;;;;;;;;;;;;;;;;;;;;;;;;;;;;;;;;;;;;;;;;;;;;;;;;;;;;;;;;;;;;;;;;;;;;;;;;;;;;;;;;;;;;;;;;;;;;;;;;;;;;;;;;;;;;;;;;;;
义乌市锦妮饰品有限公司;https://shop06592x25x2407.1688.com;3;1;https://detail.1688.com/offer/652854490859.html;;;;;;;;;;;;;;;;;;;;;;;;;;;;;;;;;;;;;;;;;;;;;;;;;26;https://detail.1688.com/offer/652419423019.html;;;;;;;;;;;;;;;;;;;36;https://detail.1688.com/offer/651236564199.html;;;;;;;;;;;;;;;;;;;;;;;;;;;;;;;;;;;;;;;;;;;;;;;;;;;;;;;;;;;;;;;;;;;;;;;;;;;;;;;;;;;;;;;;;;;;;;;;;;;;;;;;;;;;;;;;;;;;;;;;;;
义乌市艾多饰品有限公司;https://aiduo2021.1688.com;3;1;https://detail.1688.com/offer/652436777372.html;;;;;4;https://detail.1688.com/offer/652018060459.html;;;;;;;;;;;10;https://detail.1688.com/offer/652018060459.html;;;;;;;;;;;;;;;;;;;;;;;;;;;;;;;;;;;;;;;;;;;;;;;;;;;;;;;;;;;;;;;;;;;;;;;;;;;;;;;;;;;;;;;;;;;;;;;;;;;;;;;;;;;;;;;;;;;;;;;;;;;;;;;;;;;;;;;;;;;;;;;;;;;;;;;;;;;;;;;;;;;;;;;;;;;;;;
佛山市南海区熙之说五金配件厂;https://shop50191131b9797.1688.com;3;1;https://detail.1688.com/offer/653590765954.html;2;https://detail.1688.com/offer/654357463928.html;;;;;;;;;;;;;;;;;;;12;https://detail.1688.com/offer/653590765954.html;;;;;;;;;;;;;;;;;;;;;;;;;;;;;;;;;;;;;;;;;;;;;;;;;;;;;;;;;;;;;;;;;;;;;;;;;;;;;;;;;;;;;;;;;;;;;;;;;;;;;;;;;;;;;;;;;;;;;;;;;;;;;;;;;;;;;;;;;;;;;;;;;;;;;;;;;;;;;;;;;;;;;;;;;;
永定区荷凤暖网店;https://shop24n5821ey4507.1688.com;3;1;https://detail.1688.com/offer/650127268824.html;;;;;;;5;https://detail.1688.com/offer/650127268824.html;;;;;;;;;;;;;;;;;;;;;;;;;;;;;;;;;;;;;;;;;;;;;;;;;;;;;;;;;;;;;;;;;;;;;;;;;;;;;;;;;;;;;;;;;;;51;https://detail.1688.com/offer/651438291826.html;;;;;;;;;;;;;;;;;;;;;;;;;;;;;;;;;;;;;;;;;;;;;;;;;;;;;;;;;;;;;;;;;;;;;;;;;;;;;;;;;;;;;;;;;;;;
佛山市禅城区占丰百货商行;https://shop634586r88m358.1688.com;3;1;https://detail.1688.com/offer/654311497813.html;;;;;;;5;https://detail.1688.com/offer/654311497813.html;6;https://detail.1688.com/offer/654311497813.html;;;;;;;;;;;;;;;;;;;;;;;;;;;;;;;;;;;;;;;;;;;;;;;;;;;;;;;;;;;;;;;;;;;;;;;;;;;;;;;;;;;;;;;;;;;;;;;;;;;;;;;;;;;;;;;;;;;;;;;;;;;;;;;;;;;;;;;;;;;;;;;;;;;;;;;;;;;;;;;;;;;;;;;;;;;;;;;;;;;;;;
义乌市波光粼粼饰品厂;https://shop25236l1f22092.1688.com;3;1;https://detail.1688.com/offer/650468325625.html;;;;;;;5;https://detail.1688.com/offer/650468325625.html;;;;;;;;;;;;;;;;;;;;;;;;;;;;;;;;;;;;;;;;;;;;;;;;;;;;;;;;;;;;;;;;;;;;;;;;;;;;;;;;;;;;;;;;;;;;;;;;;;;;;;;;;;;;;;;;;;;;;;;;;;;;;;;;;;;;;;;;;;;;;;;;;;;;;;;;;;;;;;;;;;;;;;;;;;;;;;;;;;;;;;;;
淮南莱鹏商贸有限公司;https://shop79u6i98270l78.1688.com;3;1;https://detail.1688.com/offer/630112412037.html;;;;;;;5;https://detail.1688.com/offer/630112412037.html;;;;;;;;;;;;;;;;;;;;;;;;;;;;;;;;;;;;;;;;;;;;;;;;;;;;;;;;;;;;;;;;;;;;;;;;;;;43;https://detail.1688.com/offer/629316828322.html;;;;;;;;;;;;;;;;;;;;;;;;;;;;;;;;;;;;;;;;;;;;;;;;;;;;;;;;;;;;;;;;;;;;;;;;;;;;;;;;;;;;;;;;;;;;;;;;;;;;;;;;;;;;
义乌市坝语制花厂;https://bayuzhihua.1688.com;3;1;https://detail.1688.com/offer/629961816844.html;;;;;;;;;6;https://detail.1688.com/offer/629961816844.html;;;;;;;;;;;;;;;;;;;;;17;https://detail.1688.com/offer/629961816844.html;;;;;;;;;;;;;;;;;;;;;;;;;;;;;;;;;;;;;;;;;;;;;;;;;;;;;;;;;;;;;;;;;;;;;;;;;;;;;;;;;;;;;;;;;;;;;;;;;;;;;;;;;;;;;;;;;;;;;;;;;;;;;;;;;;;;;;;;;;;;;;;;;;;;;;;;;;;;;;;;
义乌市星蓝饰品有限公司;https://xlsp2018.1688.com;3;1;https://detail.1688.com/offer/623598089455.html;;;;;;;;;;;;;;;;;10;https://detail.1688.com/offer/609645768537.html;;;;;;;;;;;;;;;;;;;;;;;;;;;;;;;;;;;;;;;;;;;;;;;;;;;;;;;;;;;;;;;;;;;;;;;;;;;;;;;;;51;https://detail.1688.com/offer/601859230402.html;;;;;;;;;;;;;;;;;;;;;;;;;;;;;;;;;;;;;;;;;;;;;;;;;;;;;;;;;;;;;;;;;;;;;;;;;;;;;;;;;;;;;;;;;;;;
义乌市澜艺饰品有限公司;https://shop9268t3233z856.1688.com;3;1;https://detail.1688.com/offer/653333889745.html;;;;;;;5;https://detail.1688.com/offer/653333889745.html;;;;;;;;;;;;;;;;;;;;;;;17;https://detail.1688.com/offer/653333889745.html;;;;;;;;;;;;;;;;;;;;;;;;;;;;;;;;;;;;;;;;;;;;;;;;;;;;;;;;;;;;;;;;;;;;;;;;;;;;;;;;;;;;;;;;;;;;;;;;;;;;;;;;;;;;;;;;;;;;;;;;;;;;;;;;;;;;;;;;;;;;;;;;;;;;;;;;;;;;;;;;
深圳市悠智实业有限公司;https://youzhicreate.1688.com;3;1;https://detail.1688.com/offer/584063363728.html;;;;;;;;;;;;;;;;;;;;;;;;;;;;;;;;;;;;;;;;;;;;;;;;;;;;;;;;;;;;;;;;;;;;;;;;;;;;;;;;;42;https://detail.1688.com/offer/644384608314.html;;;;;;;;;;;;;;;;;;;;;;;;;;;;;;;;;;;;;;;;;;;;;;;66;https://detail.1688.com/offer/589768191949.html;;;;;;;;;;;;;;;;;;;;;;;;;;;;;;;;;;;;;;;;;;;;;;;;;;;;;;;;;;;;;;
义乌市浩福饰品有限公司;https://shop12135891090g9.1688.com;3;3;https://detail.1688.com/offer/651337164819.html;;;;;;;;;;;;;;;;;;;13;https://detail.1688.com/offer/630149888631.html;;;;;;;;;;;;;;;;;;;;;;;;;;;;;;;;;;;;;;;;;;;;;;;;;;;;;;;;;42;https://detail.1688.com/offer/652277679327.html;;;;;;;;;;;;;;;;;;;;;;;;;;;;;;;;;;;;;;;;;;;;;;;;;;;;;;;;;;;;;;;;;;;;;;;;;;;;;;;;;;;;;;;;;;;;;;;;;;;;;;;;;;;;;;;;;;
义乌市晨燕饰品有限公司;https://chengyanyxgs.1688.com;3;10;https://detail.1688.com/offer/651006931604.html;;;;;;;;;;;;;;;;;;;;;;;;;;;;;;;;;;;;;;;;;;;;;33;https://detail.1688.com/offer/651006931604.html;;;35;https://detail.1688.com/offer/610049720594.html;;;;;;;;;;;;;;;;;;;;;;;;;;;;;;;;;;;;;;;;;;;;;;;;;;;;;;;;;;;;;;;;;;;;;;;;;;;;;;;;;;;;;;;;;;;;;;;;;;;;;;;;;;;;;;;;;;;;;;;;;;;;;;;;;;;;;;;;;;;;;;
义乌市发邦饰品有限公司;https://ywfbspc.1688.com;3;12;https://detail.1688.com/offer/551330688593.html;;;;;;;;;;;;;;;;;;;;;;;;;;;;;;;;;;;;;31;https://detail.1688.com/offer/642088039252.html;;;;;34;https://detail.1688.com/offer/558606469489.html;;;;;;;;;;;;;;;;;;;;;;;;;;;;;;;;;;;;;;;;;;;;;;;;;;;;;;;;;;;;;;;;;;;;;;;;;;;;;;;;;;;;;;;;;;;;;;;;;;;;;;;;;;;;;;;;;;;;;;;;;;;;;;;;;;;;;;;;;;;;;;;;;;;;
义乌市芳若饰品有限公司;https://shop812901d041658.1688.com;3;15;https://detail.1688.com/offer/617128429026.html;;;;;;;;;;;;;;;;;;;;;;;;;;;29;https://detail.1688.com/offer/620334542661.html;30;https://detail.1688.com/offer/618544699128.html;;;;;;;;;;;;;;;;;;;;;;;;;;;;;;;;;;;;;;;;;;;;;;;;;;;;;;;;;;;;;;;;;;;;;;;;;;;;;;;;;;;;;;;;;;;;;;;;;;;;;;;;;;;;;;;;;;;;;;;;;;;;;;;;;;;;;;;;;;;;;;;;;;;;;;;;;;;;;;;;;;
新罗区嘉了陵百货商行;https://shop32c8p15647p56.1688.com;3;15;https://detail.1688.com/offer/651066891004.html;;;;;;;;;;;;;;;;;;;;;;;;;;;;;;;31;https://detail.1688.com/offer/643108284070.html;;;;;;;;;;;;;;;;;;;;;;;;;;;;;;;;;;;;;;;;;;;;;;;;;;;;;;;;;;;;;;;;;;;;;;;;;68;https://detail.1688.com/offer/649994788480.html;;;;;;;;;;;;;;;;;;;;;;;;;;;;;;;;;;;;;;;;;;;;;;;;;;;;;;;;;;;;;;;;;;;;;;;;;;;;;;;;;;;;;;
永定区旷高徘商行;https://shop89p20f8892j89.1688.com;3;15;https://detail.1688.com/offer/633423024881.html;;;;;;;;;;;;;;;;;;;;;;;;;;;;;;;;;;;;;;;;;;;;;;;;;;;;;;;;;;;;;;;;;;;;;;;;;;;;;;;;;;;;;;;;;;;;;;;;;;;;;;;;;;;;;;;;;;;73;https://detail.1688.com/offer/634097286391.html;;;;;;;77;https://detail.1688.com/offer/634100730006.html;;;;;;;;;;;;;;;;;;;;;;;;;;;;;;;;;;;;;;;;;;;;;;;;;;;;;;;;;;;;;;;;;;;;
义乌市阑娇贸易有限公司;https://lanjiao.1688.com;3;16;https://detail.1688.com/offer/653451924493.html;;;;;;;;;;;;;;;;;;;;;;;;;;;;;;;;;;;;;;;;;;;;;;;;;;;;;;;;;;;;;;;;;;;;;;;;;;;;;;;;;;;;;;;;;;;;;;;;;;;;;;;68;https://detail.1688.com/offer/631870482158.html;;;;;;;;;;;;;;;;;;;;;;;;;;;;;;;;;;;;;;;;;;;;;;;92;https://detail.1688.com/offer/640032786379.html;;;;;;;;;;;;;;;;;;;;;;;;;;;;;;;;;;;;;;;;
义乌市景智服饰厂;https://shop1466145311801.1688.com;3;18;https://detail.1688.com/offer/614627308705.html;19;https://detail.1688.com/offer/614627308705.html;;;21;https://detail.1688.com/offer/614627308705.html;;;;;;;;;;;;;;;;;;;;;;;;;;;;;;;;;;;;;;;;;;;;;;;;;;;;;;;;;;;;;;;;;;;;;;;;;;;;;;;;;;;;;;;;;;;;;;;;;;;;;;;;;;;;;;;;;;;;;;;;;;;;;;;;;;;;;;;;;;;;;;;;;;;;;;;;;;;;;;;;;;;;;;;;;;;;;;;;;;;;;;;;;;
义乌市余嘉饰品有限公司;https://shop7m85091y344m0.1688.com;3;18;https://detail.1688.com/offer/641308270729.html;;;20;https://detail.1688.com/offer/640955057295.html;;;;;;;;;;;;;;;;;;;;;;;;;33;https://detail.1688.com/offer/642434205079.html;;;;;;;;;;;;;;;;;;;;;;;;;;;;;;;;;;;;;;;;;;;;;;;;;;;;;;;;;;;;;;;;;;;;;;;;;;;;;;;;;;;;;;;;;;;;;;;;;;;;;;;;;;;;;;;;;;;;;;;;;;;;;;;;;;;;;;;;;;;;;;;;;;;;;;;;;;;;;;;;;;
义乌市青囊贸易有限公司;https://miaoxiaccessory.1688.com;3;22;https://detail.1688.com/offer/632734934799.html;;;;;;;26;https://detail.1688.com/offer/651756313100.html;;;;;;;;;31;https://detail.1688.com/offer/645561167382.html;;;;;;;;;;;;;;;;;;;;;;;;;;;;;;;;;;;;;;;;;;;;;;;;;;;;;;;;;;;;;;;;;;;;;;;;;;;;;;;;;;;;;;;;;;;;;;;;;;;;;;;;;;;;;;;;;;;;;;;;;;;;;;;;;;;;;;;;;;;;;;;;;;;;;;;;;;;;;;;;;;;;;;;;;;;;;;
义乌市慧娴饰品有限公司;https://shop40n2416h875a2.1688.com;3;22;https://detail.1688.com/offer/631816265915.html;23;https://detail.1688.com/offer/641711159405.html;;;;;;;;;;;;;;;;;;;;;;;;;;;;;;;;;;;;;;;;;;;;;;;47;https://detail.1688.com/offer/645983661619.html;;;;;;;;;;;;;;;;;;;;;;;;;;;;;;;;;;;;;;;;;;;;;;;;;;;;;;;;;;;;;;;;;;;;;;;;;;;;;;;;;;;;;;;;;;;;;;;;;;;;;;;;;;;;;;;;;;;;;;;;;;;;;;;;;;;;;;;;;;;;;;
义乌市莘选电子商务有限公司;https://shop4194772ms29k1.1688.com;3;22;https://detail.1688.com/offer/635422734146.html;23;https://detail.1688.com/offer/641506270678.html;;;;;;;;;;;;;;;;;;;;;;;;;;;;;;;39;https://detail.1688.com/offer/651390765856.html;;;;;;;;;;;;;;;;;;;;;;;;;;;;;;;;;;;;;;;;;;;;;;;;;;;;;;;;;;;;;;;;;;;;;;;;;;;;;;;;;;;;;;;;;;;;;;;;;;;;;;;;;;;;;;;;;;;;;;;;;;;;;;;;;;;;;;;;;;;;;;;;;;;;;;;;;;;;;;
义乌市雅伦饰品有限公司;https://yalunshipin.1688.com;3;25;https://detail.1688.com/offer/621909439130.html;;;;;;;;;;;31;https://detail.1688.com/offer/609848352635.html;;;;;34;https://detail.1688.com/offer/628483084007.html;;;;;;;;;;;;;;;;;;;;;;;;;;;;;;;;;;;;;;;;;;;;;;;;;;;;;;;;;;;;;;;;;;;;;;;;;;;;;;;;;;;;;;;;;;;;;;;;;;;;;;;;;;;;;;;;;;;;;;;;;;;;;;;;;;;;;;;;;;;;;;;;;;;;;;;;;;;;;;;;;;;;;;;;;;;;;;
义乌市利郦电子商务商行;https://shop45b86371b3146.1688.com;3;31;https://detail.1688.com/offer/630111170011.html;32;https://detail.1688.com/offer/641699562283.html;;;;;35;https://detail.1688.com/offer/641699562283.html;;;;;;;;;;;;;;;;;;;;;;;;;;;;;;;;;;;;;;;;;;;;;;;;;;;;;;;;;;;;;;;;;;;;;;;;;;;;;;;;;;;;;;;;;;;;;;;;;;;;;;;;;;;;;;;;;;;;;;;;;;;;;;;;;;;;;;;;;;;;;;;;;;;;;;;;;;;;;;;;;;;;;;;;;;;;;;;;;;;;;;;;
余江区聪格乐电子商务商行;https://shop4f9365e85r227.1688.com;3;33;https://detail.1688.com/offer/651207217891.html;;;;;;;;;;;;;;;;;;;;;44;https://detail.1688.com/offer/652187901592.html;;;;;;;;;;;;;;;;;;;;;;;;;;;;;59;https://detail.1688.com/offer/650189613945.html;;;;;;;;;;;;;;;;;;;;;;;;;;;;;;;;;;;;;;;;;;;;;;;;;;;;;;;;;;;;;;;;;;;;;;;;;;;;;;;;;;;;;;;;;;;;;;;;;;;;;;;;;;;;;;;;;;;;;;;;;;;;;;;;;;;;;;;;;;;;
博爱县肥仔日用品网店;https://shop98q3702970653.1688.com;3;36;https://detail.1688.com/offer/650113502083.html;;;;;;;;;;;;;;;;;;;;;;;;;;;;;;;;;;;;;;;;;;;;;;;;;;;;;;;;;;;;;;;;;;;;;;;;;;;;;;;;;;;;;;;;;;;;;;;;;;;;;;;;;;;;;;;92;https://detail.1688.com/offer/649239129559.html;;;;;;;;;97;https://detail.1688.com/offer/649322426344.html;;;;;;;;;;;;;;;;;;;;;;;;;;;;;;;;;;;;;;;;;;;;;;;;;;;;;;;;;;;;;;;;;;;;;;
义乌市桃桃饰品有限公司;https://shop263311980zi15.1688.com;3;43;https://detail.1688.com/offer/654534793960.html;;;45;https://detail.1688.com/offer/651900058687.html;;;;;;;;;;;51;https://detail.1688.com/offer/650228449783.html;;;;;;;;;;;;;;;;;;;;;;;;;;;;;;;;;;;;;;;;;;;;;;;;;;;;;;;;;;;;;;;;;;;;;;;;;;;;;;;;;;;;;;;;;;;;;;;;;;;;;;;;;;;;;;;;;;;;;;;;;;;;;;;;;;;;;;;;;;;;;;;;;;;;;;;;;;;;;;;;;;;;;;;;;;;;;;;;
义乌市霸正电子商务有限公司;https://bazhengshangmao.1688.com;3;45;https://detail.1688.com/offer/567646510796.html;;;47;https://detail.1688.com/offer/533950379419.html;;;;;;;;;;;;;;;;;;;;;;;59;https://detail.1688.com/offer/548026922845.html;;;;;;;;;;;;;;;;;;;;;;;;;;;;;;;;;;;;;;;;;;;;;;;;;;;;;;;;;;;;;;;;;;;;;;;;;;;;;;;;;;;;;;;;;;;;;;;;;;;;;;;;;;;;;;;;;;;;;;;;;;;;;;;;;;;;;;;;;;;;;;;;;;;;;;;;;;;;;;;;;;;;
义乌市颖朔电子商务商行;https://shop8i0m250041a00.1688.com;3;45;https://detail.1688.com/offer/642039875498.html;;;;;;;;;;;;;;;;;;;;;;;;;;;;;;;;;;;;;;;;;;;;;;;;;;;;;;;;;;;;;;;;;;;79;https://detail.1688.com/offer/643344467274.html;;;;;;;;;;;85;https://detail.1688.com/offer/642659141561.html;;;;;;;;;;;;;;;;;;;;;;;;;;;;;;;;;;;;;;;;;;;;;;;;;;;;;;;;;;;;;;;;;;;;;;;;;;;;;;;;;;;;;;;;;;;;;;;;;;;;;;;;;;;;;;;;
佛山市南海区哲卡达服饰厂;https://shop5l75281946229.1688.com;3;45;https://detail.1688.com/offer/645088459144.html;;;;;;;;;;;;;;;;;;;;;;;57;https://detail.1688.com/offer/643987913567.html;;;;;;;;;;;;;;;;;;;;;;;;;;;;;;;;;;;;;;;;;;;;;;;;;;;;;;;;;;;;;;;;;;;;;;;;;94;https://detail.1688.com/offer/641100460546.html;;;;;;;;;;;;;;;;;;;;;;;;;;;;;;;;;;;;;;;;;;;;;;;;;;;;;;;;;;;;;;;;;;;;;;;;;;;;;;;;;;;;;;;;;;;;;;
义乌筠在贸易商行;https://shop452c694845c67.1688.com;3;45;https://detail.1688.com/offer/649359553631.html;;;;;;;;;;;;;;;;;;;;;;;;;;;;;;;;;;;;;;;;;;;;;;;;;;;;;;;;;;;;;;;;;;;;;;;;;;;;;;;;;86;https://detail.1688.com/offer/649899901038.html;87;https://detail.1688.com/offer/649899901038.html;;;;;;;;;;;;;;;;;;;;;;;;;;;;;;;;;;;;;;;;;;;;;;;;;;;;;;;;;;;;;;;;;;;;;;;;;;;;;;;;;;;;;;;;;;;;;;;;;;;;;;;;;;;;
义乌卡文工艺品有限公司;https://shop491000g023gk8.1688.com;3;45;https://detail.1688.com/offer/646445867246.html;;;;;;;;;;;;;;;;;;;;;;;;;;;;;;;;;;;;;;;;;;;;;;;;;;;;;;;;;74;https://detail.1688.com/offer/653147585688.html;;;;;;;;;;;;;;;;;;;;;;;;;;;;;;;;;;;;;;;;;;;;;97;https://detail.1688.com/offer/645212077728.html;;;;;;;;;;;;;;;;;;;;;;;;;;;;;;;;;;;;;;;;;;;;;;;;;;;;;;;;;;;;;;;;;;;;;;;;;;;;;;;;;;;;;;;;
义乌市糖秋服饰有限公司;https://shop1460566053882.1688.com;3;48;https://detail.1688.com/offer/654482118269.html;49;https://detail.1688.com/offer/625888867997.html;50;https://detail.1688.com/offer/615521374389.html;;;;;;;;;;;;;;;;;;;;;;;;;;;;;;;;;;;;;;;;;;;;;;;;;;;;;;;;;;;;;;;;;;;;;;;;;;;;;;;;;;;;;;;;;;;;;;;;;;;;;;;;;;;;;;;;;;;;;;;;;;;;;;;;;;;;;;;;;;;;;;;;;;;;;;;;;;;;;;;;;;;;;;;;;;;;;;;;;;;;;;;;;;;;
义乌圆斌服饰有限公司;https://shop1467125344661.1688.com;3;48;https://detail.1688.com/offer/596748682910.html;49;https://detail.1688.com/offer/619550641550.html;50;https://detail.1688.com/offer/614518439893.html;;;;;;;;;;;;;;;;;;;;;;;;;;;;;;;;;;;;;;;;;;;;;;;;;;;;;;;;;;;;;;;;;;;;;;;;;;;;;;;;;;;;;;;;;;;;;;;;;;;;;;;;;;;;;;;;;;;;;;;;;;;;;;;;;;;;;;;;;;;;;;;;;;;;;;;;;;;;;;;;;;;;;;;;;;;;;;;;;;;;;;;;;;;;
深圳市宝安区西乡度香饰品厂;https://shop1438016266458.1688.com;3;56;https://detail.1688.com/offer/531691136645.html;;;58;https://detail.1688.com/offer/642271132134.html;59;https://detail.1688.com/offer/549732152443.html;;;;;;;;;;;;;;;;;;;;;;;;;;;;;;;;;;;;;;;;;;;;;;;;;;;;;;;;;;;;;;;;;;;;;;;;;;;;;;;;;;;;;;;;;;;;;;;;;;;;;;;;;;;;;;;;;;;;;;;;;;;;;;;;;;;;;;;;;;;;;;;;;;;;;;;;;;;;;;;;;;;;;;;;;;;;;;;;;;;;;;;;;;
义乌市霓薰电子商务有限公司;https://shop1398790652575.1688.com;3;59;https://detail.1688.com/offer/536428935536.html;60;https://detail.1688.com/offer/561703008952.html;61;https://detail.1688.com/offer/561703008952.html;;;;;;;;;;;;;;;;;;;;;;;;;;;;;;;;;;;;;;;;;;;;;;;;;;;;;;;;;;;;;;;;;;;;;;;;;;;;;;;;;;;;;;;;;;;;;;;;;;;;;;;;;;;;;;;;;;;;;;;;;;;;;;;;;;;;;;;;;;;;;;;;;;;;;;;;;;;;;;;;;;;;;;;;;;;;;;;;;;;;;;;;;;;;
义乌市曼缇饰品有限公司;https://ywmanti.1688.com;3;65;https://detail.1688.com/offer/35848130160.html;66;https://detail.1688.com/offer/600512980997.html;67;https://detail.1688.com/offer/573415554711.html;;;;;;;;;;;;;;;;;;;;;;;;;;;;;;;;;;;;;;;;;;;;;;;;;;;;;;;;;;;;;;;;;;;;;;;;;;;;;;;;;;;;;;;;;;;;;;;;;;;;;;;;;;;;;;;;;;;;;;;;;;;;;;;;;;;;;;;;;;;;;;;;;;;;;;;;;;;;;;;;;;;;;;;;;;;;;;;;;;;;;;;;;;;;
义乌市少峰电子商务商行;https://wilphenwu.1688.com;3;66;https://detail.1688.com/offer/626891151240.html;67;https://detail.1688.com/offer/626891151240.html;;;69;https://detail.1688.com/offer/626601550589.html;;;;;;;;;;;;;;;;;;;;;;;;;;;;;;;;;;;;;;;;;;;;;;;;;;;;;;;;;;;;;;;;;;;;;;;;;;;;;;;;;;;;;;;;;;;;;;;;;;;;;;;;;;;;;;;;;;;;;;;;;;;;;;;;;;;;;;;;;;;;;;;;;;;;;;;;;;;;;;;;;;;;;;;;;;;;;;;;;;;;;;;;;;
义乌市广拓饰品有限公司;https://fan670367810.1688.com;3;66;https://detail.1688.com/offer/578725879604.html;67;https://detail.1688.com/offer/578725879604.html;;;69;https://detail.1688.com/offer/573433022373.html;;;;;;;;;;;;;;;;;;;;;;;;;;;;;;;;;;;;;;;;;;;;;;;;;;;;;;;;;;;;;;;;;;;;;;;;;;;;;;;;;;;;;;;;;;;;;;;;;;;;;;;;;;;;;;;;;;;;;;;;;;;;;;;;;;;;;;;;;;;;;;;;;;;;;;;;;;;;;;;;;;;;;;;;;;;;;;;;;;;;;;;;;;
义乌市精巧饰品厂;https://shop0a2e620173w17.1688.com;3;68;https://detail.1688.com/offer/651973630255.html;;;;;;;;;;;;;75;https://detail.1688.com/offer/654770030041.html;;;;;;;;;;;;;;;;;84;https://detail.1688.com/offer/655408226047.html;;;;;;;;;;;;;;;;;;;;;;;;;;;;;;;;;;;;;;;;;;;;;;;;;;;;;;;;;;;;;;;;;;;;;;;;;;;;;;;;;;;;;;;;;;;;;;;;;;;;;;;;;;;;;;;;;;;;;;;;;;;;;;;;;;;;;;;;;;;;;;;;;;;;;;;;;;;;;;;;
万载县腹娇等百货店;https://shop9b1415ev39823.1688.com;3;70;https://detail.1688.com/offer/654248736180.html;71;https://detail.1688.com/offer/654248736180.html;;;;;;;;;;;;;;;;;;;;;;;;;84;https://detail.1688.com/offer/655879807675.html;;;;;;;;;;;;;;;;;;;;;;;;;;;;;;;;;;;;;;;;;;;;;;;;;;;;;;;;;;;;;;;;;;;;;;;;;;;;;;;;;;;;;;;;;;;;;;;;;;;;;;;;;;;;;;;;;;;;;;;;;;;;;;;;;;;;;;;;;;;;;;;;;;;;;;;;;;;;;;;;;;;;
泉州市拾梦网络科技有限公司;https://shop1i5i83b078877.1688.com;3;70;https://detail.1688.com/offer/649999507861.html;71;https://detail.1688.com/offer/649999507861.html;;;73;https://detail.1688.com/offer/649999507861.html;;;;;;;;;;;;;;;;;;;;;;;;;;;;;;;;;;;;;;;;;;;;;;;;;;;;;;;;;;;;;;;;;;;;;;;;;;;;;;;;;;;;;;;;;;;;;;;;;;;;;;;;;;;;;;;;;;;;;;;;;;;;;;;;;;;;;;;;;;;;;;;;;;;;;;;;;;;;;;;;;;;;;;;;;;;;;;;;;;;;;;;;;;
海宁龙威电子商务有限公司;https://shop1418783959592.1688.com;3;74;https://detail.1688.com/offer/640003664929.html;;;76;https://detail.1688.com/offer/542054649862.html;77;https://detail.1688.com/offer/620730467708.html;;;;;;;;;;;;;;;;;;;;;;;;;;;;;;;;;;;;;;;;;;;;;;;;;;;;;;;;;;;;;;;;;;;;;;;;;;;;;;;;;;;;;;;;;;;;;;;;;;;;;;;;;;;;;;;;;;;;;;;;;;;;;;;;;;;;;;;;;;;;;;;;;;;;;;;;;;;;;;;;;;;;;;;;;;;;;;;;;;;;;;;;;;
义乌市念灿饰品有限公司;https://shop1467824892842.1688.com;3;74;https://detail.1688.com/offer/595753606685.html;75;https://detail.1688.com/offer/573034663294.html;;;77;https://detail.1688.com/offer/548342208369.html;;;;;;;;;;;;;;;;;;;;;;;;;;;;;;;;;;;;;;;;;;;;;;;;;;;;;;;;;;;;;;;;;;;;;;;;;;;;;;;;;;;;;;;;;;;;;;;;;;;;;;;;;;;;;;;;;;;;;;;;;;;;;;;;;;;;;;;;;;;;;;;;;;;;;;;;;;;;;;;;;;;;;;;;;;;;;;;;;;;;;;;;;;
义乌市又又进出口有限公司;https://shop1445964950948.1688.com;3;74;https://detail.1688.com/offer/649811603411.html;75;https://detail.1688.com/offer/580858549461.html;;;77;https://detail.1688.com/offer/598917904308.html;;;;;;;;;;;;;;;;;;;;;;;;;;;;;;;;;;;;;;;;;;;;;;;;;;;;;;;;;;;;;;;;;;;;;;;;;;;;;;;;;;;;;;;;;;;;;;;;;;;;;;;;;;;;;;;;;;;;;;;;;;;;;;;;;;;;;;;;;;;;;;;;;;;;;;;;;;;;;;;;;;;;;;;;;;;;;;;;;;;;;;;;;;
义乌市喀则电子商务商行;https://shop4wj723u350159.1688.com;3;74;https://detail.1688.com/offer/647728651716.html;;;;;;;;;;;;;;;;;;;84;https://detail.1688.com/offer/645533541609.html;;;;;;;;;;;;;;;;;;;;;;;;;97;https://detail.1688.com/offer/645360156478.html;;;;;;;;;;;;;;;;;;;;;;;;;;;;;;;;;;;;;;;;;;;;;;;;;;;;;;;;;;;;;;;;;;;;;;;;;;;;;;;;;;;;;;;;;;;;;;;;;;;;;;;;;;;;;;;;;;;;;;;;;;;;;;;;;;;;;;;;;;;;;;;;;;
义乌市周成修贸易有限公司;https://a816688.1688.com;3;80;https://detail.1688.com/offer/1213495782.html;;;;;;;;;;;;;;;;;;;;;;;;;;;94;https://detail.1688.com/offer/543204118795.html;95;https://detail.1688.com/offer/543204118795.html;;;;;;;;;;;;;;;;;;;;;;;;;;;;;;;;;;;;;;;;;;;;;;;;;;;;;;;;;;;;;;;;;;;;;;;;;;;;;;;;;;;;;;;;;;;;;;;;;;;;;;;;;;;;;;;;;;;;;;;;;;;;;;;;;;;;;;;;;;;;;;;;;;;;;;;;;;;;;;;;;;
义乌市华义电子商务商行;https://shop5p1782687b049.1688.com;3;80;https://detail.1688.com/offer/588770496662.html;;;;;;;;;;;86;https://detail.1688.com/offer/639658622262.html;87;https://detail.1688.com/offer/639658622262.html;;;;;;;;;;;;;;;;;;;;;;;;;;;;;;;;;;;;;;;;;;;;;;;;;;;;;;;;;;;;;;;;;;;;;;;;;;;;;;;;;;;;;;;;;;;;;;;;;;;;;;;;;;;;;;;;;;;;;;;;;;;;;;;;;;;;;;;;;;;;;;;;;;;;;;;;;;;;;;;;;;;;;;;;;;;;;;;;;;
义乌市赛环饰品有限公司;https://ywsaihuan.1688.com;3;86;https://detail.1688.com/offer/577383495189.html;87;https://detail.1688.com/offer/580905499630.html;;;89;https://detail.1688.com/offer/40873641515.html;;;;;;;;;;;;;;;;;;;;;;;;;;;;;;;;;;;;;;;;;;;;;;;;;;;;;;;;;;;;;;;;;;;;;;;;;;;;;;;;;;;;;;;;;;;;;;;;;;;;;;;;;;;;;;;;;;;;;;;;;;;;;;;;;;;;;;;;;;;;;;;;;;;;;;;;;;;;;;;;;;;;;;;;;;;;;;;;;;;;;;;;;;
义乌市庞克饰品有限公司;https://sll0510.1688.com;3;86;https://detail.1688.com/offer/643894408701.html;87;https://detail.1688.com/offer/580374281406.html;;;89;https://detail.1688.com/offer/578319393670.html;;;;;;;;;;;;;;;;;;;;;;;;;;;;;;;;;;;;;;;;;;;;;;;;;;;;;;;;;;;;;;;;;;;;;;;;;;;;;;;;;;;;;;;;;;;;;;;;;;;;;;;;;;;;;;;;;;;;;;;;;;;;;;;;;;;;;;;;;;;;;;;;;;;;;;;;;;;;;;;;;;;;;;;;;;;;;;;;;;;;;;;;;;
深圳市福田区浩添饰品商行;https://shop826c7573864d8.1688.com;3;86;https://detail.1688.com/offer/594446052880.html;87;https://detail.1688.com/offer/594636680578.html;;;89;https://detail.1688.com/offer/594785437134.html;;;;;;;;;;;;;;;;;;;;;;;;;;;;;;;;;;;;;;;;;;;;;;;;;;;;;;;;;;;;;;;;;;;;;;;;;;;;;;;;;;;;;;;;;;;;;;;;;;;;;;;;;;;;;;;;;;;;;;;;;;;;;;;;;;;;;;;;;;;;;;;;;;;;;;;;;;;;;;;;;;;;;;;;;;;;;;;;;;;;;;;;;;
义乌市环铭饰品有限公司;https://shop1464368124609.1688.com;3;86;https://detail.1688.com/offer/609824816069.html;87;https://detail.1688.com/offer/583359387990.html;;;89;https://detail.1688.com/offer/580982973067.html;;;;;;;;;;;;;;;;;;;;;;;;;;;;;;;;;;;;;;;;;;;;;;;;;;;;;;;;;;;;;;;;;;;;;;;;;;;;;;;;;;;;;;;;;;;;;;;;;;;;;;;;;;;;;;;;;;;;;;;;;;;;;;;;;;;;;;;;;;;;;;;;;;;;;;;;;;;;;;;;;;;;;;;;;;;;;;;;;;;;;;;;;;
义乌市光庆饰品有限公司;https://kuazan.1688.com;3;86;https://detail.1688.com/offer/632769475663.html;87;https://detail.1688.com/offer/614686214016.html;;;89;https://detail.1688.com/offer/630852539532.html;;;;;;;;;;;;;;;;;;;;;;;;;;;;;;;;;;;;;;;;;;;;;;;;;;;;;;;;;;;;;;;;;;;;;;;;;;;;;;;;;;;;;;;;;;;;;;;;;;;;;;;;;;;;;;;;;;;;;;;;;;;;;;;;;;;;;;;;;;;;;;;;;;;;;;;;;;;;;;;;;;;;;;;;;;;;;;;;;;;;;;;;;;
义乌市驰誉贸易有限公司;https://shop27801x30u1751.1688.com;3;86;https://detail.1688.com/offer/581083513460.html;87;https://detail.1688.com/offer/581083513460.html;;;89;https://detail.1688.com/offer/630118948970.html;;;;;;;;;;;;;;;;;;;;;;;;;;;;;;;;;;;;;;;;;;;;;;;;;;;;;;;;;;;;;;;;;;;;;;;;;;;;;;;;;;;;;;;;;;;;;;;;;;;;;;;;;;;;;;;;;;;;;;;;;;;;;;;;;;;;;;;;;;;;;;;;;;;;;;;;;;;;;;;;;;;;;;;;;;;;;;;;;;;;;;;;;;
义乌市烁渠电子商务商行;https://shop1409848851181.1688.com;3;86;https://detail.1688.com/offer/580370760580.html;87;https://detail.1688.com/offer/580370760580.html;;;89;https://detail.1688.com/offer/628653350021.html;;;;;;;;;;;;;;;;;;;;;;;;;;;;;;;;;;;;;;;;;;;;;;;;;;;;;;;;;;;;;;;;;;;;;;;;;;;;;;;;;;;;;;;;;;;;;;;;;;;;;;;;;;;;;;;;;;;;;;;;;;;;;;;;;;;;;;;;;;;;;;;;;;;;;;;;;;;;;;;;;;;;;;;;;;;;;;;;;;;;;;;;;;
义乌市爱里丝饰品有限公司;https://shop1395680342689.1688.com;3;86;https://detail.1688.com/offer/601809749899.html;87;https://detail.1688.com/offer/580585406713.html;;;89;https://detail.1688.com/offer/627404694231.html;;;;;;;;;;;;;;;;;;;;;;;;;;;;;;;;;;;;;;;;;;;;;;;;;;;;;;;;;;;;;;;;;;;;;;;;;;;;;;;;;;;;;;;;;;;;;;;;;;;;;;;;;;;;;;;;;;;;;;;;;;;;;;;;;;;;;;;;;;;;;;;;;;;;;;;;;;;;;;;;;;;;;;;;;;;;;;;;;;;;;;;;;;
义乌市佰润电子商务商行;https://shop1466010450865.1688.com;3;86;https://detail.1688.com/offer/569761516963.html;87;https://detail.1688.com/offer/570073563327.html;;;89;https://detail.1688.com/offer/606445385009.html;;;;;;;;;;;;;;;;;;;;;;;;;;;;;;;;;;;;;;;;;;;;;;;;;;;;;;;;;;;;;;;;;;;;;;;;;;;;;;;;;;;;;;;;;;;;;;;;;;;;;;;;;;;;;;;;;;;;;;;;;;;;;;;;;;;;;;;;;;;;;;;;;;;;;;;;;;;;;;;;;;;;;;;;;;;;;;;;;;;;;;;;;;
义乌市辉约贸易有限公司;https://shop60175m8949r35.1688.com;3;88;https://detail.1688.com/offer/597113646061.html;;;90;https://detail.1688.com/offer/648673140811.html;91;https://detail.1688.com/offer/626505104985.html;;;;;;;;;;;;;;;;;;;;;;;;;;;;;;;;;;;;;;;;;;;;;;;;;;;;;;;;;;;;;;;;;;;;;;;;;;;;;;;;;;;;;;;;;;;;;;;;;;;;;;;;;;;;;;;;;;;;;;;;;;;;;;;;;;;;;;;;;;;;;;;;;;;;;;;;;;;;;;;;;;;;;;;;;;;;;;;;;;;;;;;;;;
义乌市世源电子商务商行;https://shop23477626hn440.1688.com;2;1;https://detail.1688.com/offer/655334859244.html;;;;;;;;;;;;;;;;;;;;;;;;;;;;;;;;;;;;;;;;;;;23;https://detail.1688.com/offer/653537088742.html;;;;;;;;;;;;;;;;;;;;;;;;;;;;;;;;;;;;;;;;;;;;;;;;;;;;;;;;;;;;;;;;;;;;;;;;;;;;;;;;;;;;;;;;;;;;;;;;;;;;;;;;;;;;;;;;;;;;;;;;;;;;;;;;;;;;;;;;;;;;;;;;;;;;
广州海默商贸有限公司;https://shop39s202733s748.1688.com;2;1;https://detail.1688.com/offer/650283392763.html;;;;;;;;;;;;;;;;;;;;;;;;;14;https://detail.1688.com/offer/650283392763.html;;;;;;;;;;;;;;;;;;;;;;;;;;;;;;;;;;;;;;;;;;;;;;;;;;;;;;;;;;;;;;;;;;;;;;;;;;;;;;;;;;;;;;;;;;;;;;;;;;;;;;;;;;;;;;;;;;;;;;;;;;;;;;;;;;;;;;;;;;;;;;;;;;;;;;;;;;;;;;;;;;;;;;
义乌市一柠饰品有限公司;https://shop991997e06s338.1688.com;2;1;https://detail.1688.com/offer/655074204669.html;;;;;;;;;;;;;;;;;;;;;;;;;;;;;;;17;https://detail.1688.com/offer/655074204669.html;;;;;;;;;;;;;;;;;;;;;;;;;;;;;;;;;;;;;;;;;;;;;;;;;;;;;;;;;;;;;;;;;;;;;;;;;;;;;;;;;;;;;;;;;;;;;;;;;;;;;;;;;;;;;;;;;;;;;;;;;;;;;;;;;;;;;;;;;;;;;;;;;;;;;;;;;;;;;;;;
义乌市密佳饰品有限公司;https://shop0k0961v432134.1688.com;2;1;https://detail.1688.com/offer/655076196330.html;;;;;;;;;;;;;;;;;;;;;;;;;;;;;;;17;https://detail.1688.com/offer/655076196330.html;;;;;;;;;;;;;;;;;;;;;;;;;;;;;;;;;;;;;;;;;;;;;;;;;;;;;;;;;;;;;;;;;;;;;;;;;;;;;;;;;;;;;;;;;;;;;;;;;;;;;;;;;;;;;;;;;;;;;;;;;;;;;;;;;;;;;;;;;;;;;;;;;;;;;;;;;;;;;;;;
七星关区生奎贸易商行;https://shop43z1z534516r5.1688.com;2;1;https://detail.1688.com/offer/642127774604.html;;;;;;;;;;;7;https://detail.1688.com/offer/642127774604.html;;;;;;;;;;;;;;;;;;;;;;;;;;;;;;;;;;;;;;;;;;;;;;;;;;;;;;;;;;;;;;;;;;;;;;;;;;;;;;;;;;;;;;;;;;;;;;;;;;;;;;;;;;;;;;;;;;;;;;;;;;;;;;;;;;;;;;;;;;;;;;;;;;;;;;;;;;;;;;;;;;;;;;;;;;;;;;;;;;;;
高新区枫桥本界百货商行;https://shop6264kw780w735.1688.com;2;1;https://detail.1688.com/offer/654350998450.html;;;;;;;;;;;7;https://detail.1688.com/offer/654440290569.html;;;;;;;;;;;;;;;;;;;;;;;;;;;;;;;;;;;;;;;;;;;;;;;;;;;;;;;;;;;;;;;;;;;;;;;;;;;;;;;;;;;;;;;;;;;;;;;;;;;;;;;;;;;;;;;;;;;;;;;;;;;;;;;;;;;;;;;;;;;;;;;;;;;;;;;;;;;;;;;;;;;;;;;;;;;;;;;;;;;;
高新区枫桥达融吉服饰商行;https://shop95330499ko036.1688.com;2;1;https://detail.1688.com/offer/655130448426.html;;;;;;;;;;;;;;;;;10;https://detail.1688.com/offer/655130448426.html;;;;;;;;;;;;;;;;;;;;;;;;;;;;;;;;;;;;;;;;;;;;;;;;;;;;;;;;;;;;;;;;;;;;;;;;;;;;;;;;;;;;;;;;;;;;;;;;;;;;;;;;;;;;;;;;;;;;;;;;;;;;;;;;;;;;;;;;;;;;;;;;;;;;;;;;;;;;;;;;;;;;;;;;;;;;;;
东阳市迪高饰品有限公司;https://digao103286.1688.com;2;1;https://detail.1688.com/offer/650112496457.html;;;;;;;;;;;7;https://detail.1688.com/offer/650112496457.html;;;;;;;;;;;;;;;;;;;;;;;;;;;;;;;;;;;;;;;;;;;;;;;;;;;;;;;;;;;;;;;;;;;;;;;;;;;;;;;;;;;;;;;;;;;;;;;;;;;;;;;;;;;;;;;;;;;;;;;;;;;;;;;;;;;;;;;;;;;;;;;;;;;;;;;;;;;;;;;;;;;;;;;;;;;;;;;;;;;;
台州市黄岩营尚电子商务商行;https://shop4c2f07735e788.1688.com;2;1;https://detail.1688.com/offer/655865287939.html;;;;;;;;;;;;;;;;;;;;;;;;;;;;;16;https://detail.1688.com/offer/655425402891.html;;;;;;;;;;;;;;;;;;;;;;;;;;;;;;;;;;;;;;;;;;;;;;;;;;;;;;;;;;;;;;;;;;;;;;;;;;;;;;;;;;;;;;;;;;;;;;;;;;;;;;;;;;;;;;;;;;;;;;;;;;;;;;;;;;;;;;;;;;;;;;;;;;;;;;;;;;;;;;;;;;
永定区晗梓莘百货商行;https://shop249145067m564.1688.com;2;1;https://detail.1688.com/offer/652537409716.html;;;;;;;;;;;;;;;;;;;;;;;;;;;;;;;;;;;;;;;;;22;https://detail.1688.com/offer/652108680320.html;;;;;;;;;;;;;;;;;;;;;;;;;;;;;;;;;;;;;;;;;;;;;;;;;;;;;;;;;;;;;;;;;;;;;;;;;;;;;;;;;;;;;;;;;;;;;;;;;;;;;;;;;;;;;;;;;;;;;;;;;;;;;;;;;;;;;;;;;;;;;;;;;;;;;;
余江区涛洋经营部;https://shop96tt692700385.1688.com;2;1;https://detail.1688.com/offer/655270010986.html;;;;;;;;;;;;;;;;;;;;;;;;;;;;;;;;;;;;;;;;;;;;;;;25;https://detail.1688.com/offer/655282277497.html;;;;;;;;;;;;;;;;;;;;;;;;;;;;;;;;;;;;;;;;;;;;;;;;;;;;;;;;;;;;;;;;;;;;;;;;;;;;;;;;;;;;;;;;;;;;;;;;;;;;;;;;;;;;;;;;;;;;;;;;;;;;;;;;;;;;;;;;;;;;;;;;
义乌市海购饰品有限公司;https://shop085505j711h30.1688.com;2;1;https://detail.1688.com/offer/655564286632.html;;;;;;;;;;;;;;;;;;;;;;;13;https://detail.1688.com/offer/655564286632.html;;;;;;;;;;;;;;;;;;;;;;;;;;;;;;;;;;;;;;;;;;;;;;;;;;;;;;;;;;;;;;;;;;;;;;;;;;;;;;;;;;;;;;;;;;;;;;;;;;;;;;;;;;;;;;;;;;;;;;;;;;;;;;;;;;;;;;;;;;;;;;;;;;;;;;;;;;;;;;;;;;;;;;;;
金华市优曼饰品有限公司;https://mmmade.1688.com;2;1;https://detail.1688.com/offer/623122186641.html;;;;;;;;;;;;;;;;;;;;;12;https://detail.1688.com/offer/644258816045.html;;;;;;;;;;;;;;;;;;;;;;;;;;;;;;;;;;;;;;;;;;;;;;;;;;;;;;;;;;;;;;;;;;;;;;;;;;;;;;;;;;;;;;;;;;;;;;;;;;;;;;;;;;;;;;;;;;;;;;;;;;;;;;;;;;;;;;;;;;;;;;;;;;;;;;;;;;;;;;;;;;;;;;;;;;
义乌市辰璨电子商务商行;https://shop11837481w2706.1688.com;2;1;https://detail.1688.com/offer/651192083389.html;;;;;;;;;;;7;https://detail.1688.com/offer/651192083389.html;;;;;;;;;;;;;;;;;;;;;;;;;;;;;;;;;;;;;;;;;;;;;;;;;;;;;;;;;;;;;;;;;;;;;;;;;;;;;;;;;;;;;;;;;;;;;;;;;;;;;;;;;;;;;;;;;;;;;;;;;;;;;;;;;;;;;;;;;;;;;;;;;;;;;;;;;;;;;;;;;;;;;;;;;;;;;;;;;;;;
义乌市碧昆日用百货商行;https://shop09q74b45q1541.1688.com;2;1;https://detail.1688.com/offer/652964854993.html;;;;;;;5;https://detail.1688.com/offer/652964854993.html;;;;;;;;;;;;;;;;;;;;;;;;;;;;;;;;;;;;;;;;;;;;;;;;;;;;;;;;;;;;;;;;;;;;;;;;;;;;;;;;;;;;;;;;;;;;;;;;;;;;;;;;;;;;;;;;;;;;;;;;;;;;;;;;;;;;;;;;;;;;;;;;;;;;;;;;;;;;;;;;;;;;;;;;;;;;;;;;;;;;;;;;
广州震海贸易有限公司;https://shop3m591244083m3.1688.com;2;1;https://detail.1688.com/offer/649478372361.html;;;;;;;5;https://detail.1688.com/offer/649478372361.html;;;;;;;;;;;;;;;;;;;;;;;;;;;;;;;;;;;;;;;;;;;;;;;;;;;;;;;;;;;;;;;;;;;;;;;;;;;;;;;;;;;;;;;;;;;;;;;;;;;;;;;;;;;;;;;;;;;;;;;;;;;;;;;;;;;;;;;;;;;;;;;;;;;;;;;;;;;;;;;;;;;;;;;;;;;;;;;;;;;;;;;;
岳阳县坚次百货店;https://shop06w0921571426.1688.com;2;1;https://detail.1688.com/offer/649846825678.html;;;;;;;5;https://detail.1688.com/offer/649846825678.html;;;;;;;;;;;;;;;;;;;;;;;;;;;;;;;;;;;;;;;;;;;;;;;;;;;;;;;;;;;;;;;;;;;;;;;;;;;;;;;;;;;;;;;;;;;;;;;;;;;;;;;;;;;;;;;;;;;;;;;;;;;;;;;;;;;;;;;;;;;;;;;;;;;;;;;;;;;;;;;;;;;;;;;;;;;;;;;;;;;;;;;;
义乌市酷拓进出口有限公司;https://cotolchina.1688.com;2;1;https://detail.1688.com/offer/625306253508.html;;;;;;;;;;;;;;;;;;;;;;;;;;;;;;;;;;;;;;;;;;;;;;;;;;;;;;;;;;;;;;;33;https://detail.1688.com/offer/625306253508.html;;;;;;;;;;;;;;;;;;;;;;;;;;;;;;;;;;;;;;;;;;;;;;;;;;;;;;;;;;;;;;;;;;;;;;;;;;;;;;;;;;;;;;;;;;;;;;;;;;;;;;;;;;;;;;;;;;;;;;;;;;;;;;;;
杭州五坊贸易有限公司;https://shop61x14c942w050.1688.com;2;1;https://detail.1688.com/offer/648112360232.html;;;;;;;;;;;;;;;;;;;;;12;https://detail.1688.com/offer/648112360232.html;;;;;;;;;;;;;;;;;;;;;;;;;;;;;;;;;;;;;;;;;;;;;;;;;;;;;;;;;;;;;;;;;;;;;;;;;;;;;;;;;;;;;;;;;;;;;;;;;;;;;;;;;;;;;;;;;;;;;;;;;;;;;;;;;;;;;;;;;;;;;;;;;;;;;;;;;;;;;;;;;;;;;;;;;;
义乌市骏历进出口有限公司;https://shop093m44006s608.1688.com;2;1;https://detail.1688.com/offer/625879803244.html;;;;;;;;;;;;;;;;;;;;;;;;;;;;;;;;;;;;;;;;;;;;;;;;;;;;;;;;;;;;;;;33;https://detail.1688.com/offer/625879803244.html;;;;;;;;;;;;;;;;;;;;;;;;;;;;;;;;;;;;;;;;;;;;;;;;;;;;;;;;;;;;;;;;;;;;;;;;;;;;;;;;;;;;;;;;;;;;;;;;;;;;;;;;;;;;;;;;;;;;;;;;;;;;;;;;
湖州博虎进出口有限公司;https://shop87909s176qo62.1688.com;2;1;https://detail.1688.com/offer/625307125307.html;;;;;;;;;;;;;;;;;;;;;;;;;;;;;;;;;;;;;;;;;;;;;;;;;;;;;;;;;;;;;;;33;https://detail.1688.com/offer/625307125307.html;;;;;;;;;;;;;;;;;;;;;;;;;;;;;;;;;;;;;;;;;;;;;;;;;;;;;;;;;;;;;;;;;;;;;;;;;;;;;;;;;;;;;;;;;;;;;;;;;;;;;;;;;;;;;;;;;;;;;;;;;;;;;;;;
方革平;https://shop1368034226528.1688.com;2;1;https://detail.1688.com/offer/625294053232.html;;;;;;;;;;;;;;;;;;;;;;;;;;;;;;;;;;;;;;;;;;;;;;;;;;;;;;;;;;;;;;;33;https://detail.1688.com/offer/625294053232.html;;;;;;;;;;;;;;;;;;;;;;;;;;;;;;;;;;;;;;;;;;;;;;;;;;;;;;;;;;;;;;;;;;;;;;;;;;;;;;;;;;;;;;;;;;;;;;;;;;;;;;;;;;;;;;;;;;;;;;;;;;;;;;;;
新罗区雅奥青百货店;https://shop7r1i2977t1304.1688.com;2;1;https://detail.1688.com/offer/649759522414.html;;;;;;;5;https://detail.1688.com/offer/649759522414.html;;;;;;;;;;;;;;;;;;;;;;;;;;;;;;;;;;;;;;;;;;;;;;;;;;;;;;;;;;;;;;;;;;;;;;;;;;;;;;;;;;;;;;;;;;;;;;;;;;;;;;;;;;;;;;;;;;;;;;;;;;;;;;;;;;;;;;;;;;;;;;;;;;;;;;;;;;;;;;;;;;;;;;;;;;;;;;;;;;;;;;;;
义乌市阿滋猫饰品有限公司;https://azimao.1688.com;2;1;https://detail.1688.com/offer/630120753690.html;;;;;;;;;;;;;;;;;;;;;;;13;https://detail.1688.com/offer/630192149237.html;;;;;;;;;;;;;;;;;;;;;;;;;;;;;;;;;;;;;;;;;;;;;;;;;;;;;;;;;;;;;;;;;;;;;;;;;;;;;;;;;;;;;;;;;;;;;;;;;;;;;;;;;;;;;;;;;;;;;;;;;;;;;;;;;;;;;;;;;;;;;;;;;;;;;;;;;;;;;;;;;;;;;;;;
杭州丰品汇日用品有限公司;https://shop5223g974n1n32.1688.com;2;1;https://detail.1688.com/offer/646068757100.html;;;;;;;;;;;;;;;;;;;;;12;https://detail.1688.com/offer/646068757100.html;;;;;;;;;;;;;;;;;;;;;;;;;;;;;;;;;;;;;;;;;;;;;;;;;;;;;;;;;;;;;;;;;;;;;;;;;;;;;;;;;;;;;;;;;;;;;;;;;;;;;;;;;;;;;;;;;;;;;;;;;;;;;;;;;;;;;;;;;;;;;;;;;;;;;;;;;;;;;;;;;;;;;;;;;;
徐州顶好饰品有限公司;https://dinghaosp.1688.com;2;1;https://detail.1688.com/offer/644414682480.html;;;;;;;;;;;;;;;;;;;;;;;;;;;;;;;;;;;;;;;;;;;;;;;25;https://detail.1688.com/offer/643825688098.html;;;;;;;;;;;;;;;;;;;;;;;;;;;;;;;;;;;;;;;;;;;;;;;;;;;;;;;;;;;;;;;;;;;;;;;;;;;;;;;;;;;;;;;;;;;;;;;;;;;;;;;;;;;;;;;;;;;;;;;;;;;;;;;;;;;;;;;;;;;;;;;;
新罗区索君丽百货店;https://shop213722np449p4.1688.com;2;1;https://detail.1688.com/offer/649661955842.html;;;;;;;5;https://detail.1688.com/offer/649661955842.html;;;;;;;;;;;;;;;;;;;;;;;;;;;;;;;;;;;;;;;;;;;;;;;;;;;;;;;;;;;;;;;;;;;;;;;;;;;;;;;;;;;;;;;;;;;;;;;;;;;;;;;;;;;;;;;;;;;;;;;;;;;;;;;;;;;;;;;;;;;;;;;;;;;;;;;;;;;;;;;;;;;;;;;;;;;;;;;;;;;;;;;;
佛山市禅城区曜月离家具厂;https://shop548c81176z616.1688.com;2;1;https://detail.1688.com/offer/655912466893.html;;;;;;;5;https://detail.1688.com/offer/655912466893.html;;;;;;;;;;;;;;;;;;;;;;;;;;;;;;;;;;;;;;;;;;;;;;;;;;;;;;;;;;;;;;;;;;;;;;;;;;;;;;;;;;;;;;;;;;;;;;;;;;;;;;;;;;;;;;;;;;;;;;;;;;;;;;;;;;;;;;;;;;;;;;;;;;;;;;;;;;;;;;;;;;;;;;;;;;;;;;;;;;;;;;;;
睢宁县子思纺织厂;https://shop05f4vh0063224.1688.com;2;1;https://detail.1688.com/offer/645715815168.html;;;;;;;;;;;;;;;;;;;;;;;;;;;;;;;;;;;;;;;;;;;;;24;https://detail.1688.com/offer/641374778204.html;;;;;;;;;;;;;;;;;;;;;;;;;;;;;;;;;;;;;;;;;;;;;;;;;;;;;;;;;;;;;;;;;;;;;;;;;;;;;;;;;;;;;;;;;;;;;;;;;;;;;;;;;;;;;;;;;;;;;;;;;;;;;;;;;;;;;;;;;;;;;;;;;;
宁海县韧桐电子商务商行;https://shop4974ozh721l64.1688.com;2;1;https://detail.1688.com/offer/652644019777.html;;;;;;;;;;;;;;;;;;;;;;;;;;;;;;;;;;;;;;;;;;;;;;;;;;;;;;;;;;;;;;;;;;;;;;;;;;;;;;;;;;;;;;;;;;;;;;;;;;;;;;;;;;;;;;;;;;;;;;;;;;;;;64;https://detail.1688.com/offer/647270842240.html;;;;;;;;;;;;;;;;;;;;;;;;;;;;;;;;;;;;;;;;;;;;;;;;;;;;;;;;;;;;;;;;;;
义乌市梵米服饰有限公司;https://fanmi1688.1688.com;2;9;https://detail.1688.com/offer/652642486972.html;;;;;;;;;;;;;16;https://detail.1688.com/offer/653180039241.html;;;;;;;;;;;;;;;;;;;;;;;;;;;;;;;;;;;;;;;;;;;;;;;;;;;;;;;;;;;;;;;;;;;;;;;;;;;;;;;;;;;;;;;;;;;;;;;;;;;;;;;;;;;;;;;;;;;;;;;;;;;;;;;;;;;;;;;;;;;;;;;;;;;;;;;;;;;;;;;;;;;;;;;;;;;;;;;;;;
义乌市熠宸日用品有限公司;https://shop951832223akm1.1688.com;2;12;https://detail.1688.com/offer/589382912598.html;;;;;;;;;;;;;19;https://detail.1688.com/offer/648469810110.html;;;;;;;;;;;;;;;;;;;;;;;;;;;;;;;;;;;;;;;;;;;;;;;;;;;;;;;;;;;;;;;;;;;;;;;;;;;;;;;;;;;;;;;;;;;;;;;;;;;;;;;;;;;;;;;;;;;;;;;;;;;;;;;;;;;;;;;;;;;;;;;;;;;;;;;;;;;;;;;;;;;;;;;;;;;;;;;;;;
余江区翔穆经营部;https://shop36925180hf668.1688.com;2;15;https://detail.1688.com/offer/655162657098.html;;;;;;;;;;;;;;;;;;;;;;;;;;;;;;;;;;;;;;;;;;;;;;;;;;;;;;;;;44;https://detail.1688.com/offer/655863207869.html;;;;;;;;;;;;;;;;;;;;;;;;;;;;;;;;;;;;;;;;;;;;;;;;;;;;;;;;;;;;;;;;;;;;;;;;;;;;;;;;;;;;;;;;;;;;;;;;;;;;;;;;;;;;;;;;;;;;;;;;;;;;;;;;;;;;;;
义乌市蜡节电子商务商行;https://shop882dw25778g75.1688.com;2;15;https://detail.1688.com/offer/656178627170.html;;;;;;;;;;;;;;;;;;;;;;;;;;;;;;;;;;;;;;;;;;;;;;;;;;;;;;;43;https://detail.1688.com/offer/649687880781.html;;;;;;;;;;;;;;;;;;;;;;;;;;;;;;;;;;;;;;;;;;;;;;;;;;;;;;;;;;;;;;;;;;;;;;;;;;;;;;;;;;;;;;;;;;;;;;;;;;;;;;;;;;;;;;;;;;;;;;;;;;;;;;;;;;;;;;;;
义乌市明奖电子商务商行;https://shop45u2u6002j942.1688.com;2;15;https://detail.1688.com/offer/640410007781.html;;;;;;;;;;;;;;;;;;;;;;;;;;;;;;;;;;;;;;;;;;;;;;;;;;;;;42;https://detail.1688.com/offer/634256523258.html;;;;;;;;;;;;;;;;;;;;;;;;;;;;;;;;;;;;;;;;;;;;;;;;;;;;;;;;;;;;;;;;;;;;;;;;;;;;;;;;;;;;;;;;;;;;;;;;;;;;;;;;;;;;;;;;;;;;;;;;;;;;;;;;;;;;;;;;;;
东莞市莫妮卡传动科技有限公司;https://girlyears.1688.com;2;15;https://detail.1688.com/offer/630812173847.html;;;;;;;;;;;;;22;https://detail.1688.com/offer/643366475475.html;;;;;;;;;;;;;;;;;;;;;;;;;;;;;;;;;;;;;;;;;;;;;;;;;;;;;;;;;;;;;;;;;;;;;;;;;;;;;;;;;;;;;;;;;;;;;;;;;;;;;;;;;;;;;;;;;;;;;;;;;;;;;;;;;;;;;;;;;;;;;;;;;;;;;;;;;;;;;;;;;;;;;;;;;;;;;;;;;;
义乌市主恩服饰有限公司;https://shop1442854480763.1688.com;2;18;https://detail.1688.com/offer/596628373087.html;;;;;21;https://detail.1688.com/offer/596628373087.html;;;;;;;;;;;;;;;;;;;;;;;;;;;;;;;;;;;;;;;;;;;;;;;;;;;;;;;;;;;;;;;;;;;;;;;;;;;;;;;;;;;;;;;;;;;;;;;;;;;;;;;;;;;;;;;;;;;;;;;;;;;;;;;;;;;;;;;;;;;;;;;;;;;;;;;;;;;;;;;;;;;;;;;;;;;;;;;;;;;;;;;;;;
义乌市冠馨饰品有限公司;https://shop5079st234t111.1688.com;2;19;https://detail.1688.com/offer/625397418996.html;20;https://detail.1688.com/offer/625397418996.html;;;;;;;;;;;;;;;;;;;;;;;;;;;;;;;;;;;;;;;;;;;;;;;;;;;;;;;;;;;;;;;;;;;;;;;;;;;;;;;;;;;;;;;;;;;;;;;;;;;;;;;;;;;;;;;;;;;;;;;;;;;;;;;;;;;;;;;;;;;;;;;;;;;;;;;;;;;;;;;;;;;;;;;;;;;;;;;;;;;;;;;;;;;;;;
义乌市欧魅饰品有限公司;https://ywomer.1688.com;2;22;https://detail.1688.com/offer/596572214674.html;23;https://detail.1688.com/offer/596572214674.html;;;;;;;;;;;;;;;;;;;;;;;;;;;;;;;;;;;;;;;;;;;;;;;;;;;;;;;;;;;;;;;;;;;;;;;;;;;;;;;;;;;;;;;;;;;;;;;;;;;;;;;;;;;;;;;;;;;;;;;;;;;;;;;;;;;;;;;;;;;;;;;;;;;;;;;;;;;;;;;;;;;;;;;;;;;;;;;;;;;;;;;;;;;;;;
义乌市庆翔饰品有限公司;https://shop3978k55494058.1688.com;2;31;https://detail.1688.com/offer/645131259746.html;;;;;;;;;;;;;;;39;https://detail.1688.com/offer/644885566235.html;;;;;;;;;;;;;;;;;;;;;;;;;;;;;;;;;;;;;;;;;;;;;;;;;;;;;;;;;;;;;;;;;;;;;;;;;;;;;;;;;;;;;;;;;;;;;;;;;;;;;;;;;;;;;;;;;;;;;;;;;;;;;;;;;;;;;;;;;;;;;;;;;;;;;;;;;;;;;;;;;;;;;;;;;;;;;;;;
义乌市争尚电子商务商行;https://shop0603018764ap9.1688.com;2;32;https://detail.1688.com/offer/633708545783.html;;;;;35;https://detail.1688.com/offer/633708545783.html;;;;;;;;;;;;;;;;;;;;;;;;;;;;;;;;;;;;;;;;;;;;;;;;;;;;;;;;;;;;;;;;;;;;;;;;;;;;;;;;;;;;;;;;;;;;;;;;;;;;;;;;;;;;;;;;;;;;;;;;;;;;;;;;;;;;;;;;;;;;;;;;;;;;;;;;;;;;;;;;;;;;;;;;;;;;;;;;;;;;;;;;;;
南平市建阳区路皓阳百货店;https://shop6646114675907.1688.com;2;33;https://detail.1688.com/offer/649743487610.html;;;;;;;;;;;;;;;;;;;;;;;;;;;;;;;;;;;;;;;;;;;;;;;;;;;;;;;;;;;;;;;;;;;;;;;;;;;;;;;;;;;;;;;;;;;;;;;;;;;;;;;;;;;;;;;;;;;91;https://detail.1688.com/offer/645822754508.html;;;;;;;;;;;;;;;;;;;;;;;;;;;;;;;;;;;;;;;;;;;;;;;;;;;;;;;;;;;;;;;;;;;;;;;;;;;;
义乌市彤灿饰品有限公司;https://tongcanhair.1688.com;2;34;https://detail.1688.com/offer/560165593338.html;;;;;;;;;;;;;;;;;;;44;https://detail.1688.com/offer/650614167960.html;;;;;;;;;;;;;;;;;;;;;;;;;;;;;;;;;;;;;;;;;;;;;;;;;;;;;;;;;;;;;;;;;;;;;;;;;;;;;;;;;;;;;;;;;;;;;;;;;;;;;;;;;;;;;;;;;;;;;;;;;;;;;;;;;;;;;;;;;;;;;;;;;;;;;;;;;;;;;;;;;;;;;;;;;;;;
义乌市赤洁电子商务商行;https://shop10f7749243421.1688.com;2;36;https://detail.1688.com/offer/629841295664.html;;;;;;;;;;;;;;;44;https://detail.1688.com/offer/641052726531.html;;;;;;;;;;;;;;;;;;;;;;;;;;;;;;;;;;;;;;;;;;;;;;;;;;;;;;;;;;;;;;;;;;;;;;;;;;;;;;;;;;;;;;;;;;;;;;;;;;;;;;;;;;;;;;;;;;;;;;;;;;;;;;;;;;;;;;;;;;;;;;;;;;;;;;;;;;;;;;;;;;;;;;;;;;;;;;;;
义乌市芸西饰品有限公司;https://shop459257m050z65.1688.com;2;38;https://detail.1688.com/offer/648318824697.html;;;;;;;;;43;https://detail.1688.com/offer/629126228444.html;;;;;;;;;;;;;;;;;;;;;;;;;;;;;;;;;;;;;;;;;;;;;;;;;;;;;;;;;;;;;;;;;;;;;;;;;;;;;;;;;;;;;;;;;;;;;;;;;;;;;;;;;;;;;;;;;;;;;;;;;;;;;;;;;;;;;;;;;;;;;;;;;;;;;;;;;;;;;;;;;;;;;;;;;;;;;;;;;;;;;;
义乌市升伊饰品有限公司;https://shop836q0u4692023.1688.com;2;40;https://detail.1688.com/offer/638516209792.html;;;;;;;;;;;;;;;;;;;;;;;;;;;;;;;;;;;;;;;;;;;;;;;;;;;;;;;;;;;;;;;;;;;;;;;;;;;;;79;https://detail.1688.com/offer/619863357616.html;;;;;;;;;;;;;;;;;;;;;;;;;;;;;;;;;;;;;;;;;;;;;;;;;;;;;;;;;;;;;;;;;;;;;;;;;;;;;;;;;;;;;;;;;;;;;;;;;;;;;;;;;;;;;;;;;;
义乌市炫朵饰品有限公司;https://shop5632i69k31k42.1688.com;2;43;https://detail.1688.com/offer/602931199551.html;;;;;;;;;;;;;;;51;https://detail.1688.com/offer/636224215278.html;;;;;;;;;;;;;;;;;;;;;;;;;;;;;;;;;;;;;;;;;;;;;;;;;;;;;;;;;;;;;;;;;;;;;;;;;;;;;;;;;;;;;;;;;;;;;;;;;;;;;;;;;;;;;;;;;;;;;;;;;;;;;;;;;;;;;;;;;;;;;;;;;;;;;;;;;;;;;;;;;;;;;;;;;;;;;;;;
台州市黄岩广汇日用品商行;https://shop394965825k699.1688.com;2;45;https://detail.1688.com/offer/645257539550.html;;;47;https://detail.1688.com/offer/646198664040.html;;;;;;;;;;;;;;;;;;;;;;;;;;;;;;;;;;;;;;;;;;;;;;;;;;;;;;;;;;;;;;;;;;;;;;;;;;;;;;;;;;;;;;;;;;;;;;;;;;;;;;;;;;;;;;;;;;;;;;;;;;;;;;;;;;;;;;;;;;;;;;;;;;;;;;;;;;;;;;;;;;;;;;;;;;;;;;;;;;;;;;;;;;;;
厦门市同安区质好造日用品店;https://shop02u1455970117.1688.com;2;45;https://detail.1688.com/offer/645682524906.html;;;;;;;;;;;;;;;;;;;;;;;;;;;;;;;;;;;63;https://detail.1688.com/offer/641468460390.html;;;;;;;;;;;;;;;;;;;;;;;;;;;;;;;;;;;;;;;;;;;;;;;;;;;;;;;;;;;;;;;;;;;;;;;;;;;;;;;;;;;;;;;;;;;;;;;;;;;;;;;;;;;;;;;;;;;;;;;;;;;;;;;;;;;;;;;;;;;;;;;;;;;;;;;;;;;;
鄱阳县禹卿城百货店;https://shop906156fa53205.1688.com;2;45;https://detail.1688.com/offer/654757123582.html;;;;;;;;;;;;;;;;;;;;;;;;;;;;;;;;;;;;;;;;;;;;;;;;;;;;;;;;;;;;;;;;;;;;;;;;;;;;;;;;;;;;;;;;;90;https://detail.1688.com/offer/653648828234.html;;;;;;;;;;;;;;;;;;;;;;;;;;;;;;;;;;;;;;;;;;;;;;;;;;;;;;;;;;;;;;;;;;;;;;;;;;;;;;;;;;;;;;;;;;;;;;;;;;;;;;
义乌市诸戎电子商务商行;https://shop14c445550n671.1688.com;2;45;https://detail.1688.com/offer/653646467386.html;;;;;;;;;;;;;;;;;;;;;;;;;;;;;;;;;;;;;;;;;;;;;;;;;;;;;;;;;;;;;;;;;;;;;;;;;;;;;;;;;;;;;;;;;;;;;;;93;https://detail.1688.com/offer/655196723677.html;;;;;;;;;;;;;;;;;;;;;;;;;;;;;;;;;;;;;;;;;;;;;;;;;;;;;;;;;;;;;;;;;;;;;;;;;;;;;;;;;;;;;;;;;;;;;;;;
博爱县菜叶日用百货网店;https://shop29o9n646p4965.1688.com;2;45;https://detail.1688.com/offer/650864458188.html;;;;;;;;;;;;;;;;;;;;;;;;;;;;;;;;;;;;;;;;;;;;;;;;;;;;;;;;;;;;;;;;;;;;;;;;;;;;;;;;;;;;;;;;;;;;;;;;;;;;;;;97;https://detail.1688.com/offer/650458077463.html;;;;;;;;;;;;;;;;;;;;;;;;;;;;;;;;;;;;;;;;;;;;;;;;;;;;;;;;;;;;;;;;;;;;;;;;;;;;;;;;;;;;;;;;
长沙市岳麓区小尘百货商店;https://shop20573k96203k9.1688.com;2;45;https://detail.1688.com/offer/650945135847.html;;;;;;;;;;;;;;;;;;;;;;;;;;;;;;;;;;;;;;;;;;;;;;;;;;;;;;;;;;;;;;;;;;;;;;;;;;;83;https://detail.1688.com/offer/651942375803.html;;;;;;;;;;;;;;;;;;;;;;;;;;;;;;;;;;;;;;;;;;;;;;;;;;;;;;;;;;;;;;;;;;;;;;;;;;;;;;;;;;;;;;;;;;;;;;;;;;;;;;;;;;;;;;;;;;;;
义乌市筑栗电子商务商行;https://shop2954069343012.1688.com;2;45;https://detail.1688.com/offer/641597527122.html;;;;;;;;;;;;;;;;;;;;;;;;;;;;;;;;;;;;;;;;;;;;;;;;;;;;;;;73;https://detail.1688.com/offer/641504369063.html;;;;;;;;;;;;;;;;;;;;;;;;;;;;;;;;;;;;;;;;;;;;;;;;;;;;;;;;;;;;;;;;;;;;;;;;;;;;;;;;;;;;;;;;;;;;;;;;;;;;;;;;;;;;;;;;;;;;;;;;;;;;;;;;;;;;;;;;
绍兴上虞新冉百货商行;https://shop22928j747y072.1688.com;2;45;https://detail.1688.com/offer/655878250400.html;;;;;;;;;;;;;;;;;;;;;;;;;;;;;;;;;;;;;;;;;;;;;;;;;;;;;;;;;;;;;;;;;;;;;;;;;;;;;;;;;;;;;;;;;90;https://detail.1688.com/offer/654511246824.html;;;;;;;;;;;;;;;;;;;;;;;;;;;;;;;;;;;;;;;;;;;;;;;;;;;;;;;;;;;;;;;;;;;;;;;;;;;;;;;;;;;;;;;;;;;;;;;;;;;;;;
临海市前景贸易有限公司;https://shop66402l54483a3.1688.com;2;45;https://detail.1688.com/offer/635390936018.html;;;;;;;;;;;;;;;;;;;;;;;;;;;;;;;;;;;;;;;;;;;;;;;;;;;;;;;;;;;;;;;;;;;;;;;;;;;;;;;;;;;;;;;;;90;https://detail.1688.com/offer/634347132124.html;;;;;;;;;;;;;;;;;;;;;;;;;;;;;;;;;;;;;;;;;;;;;;;;;;;;;;;;;;;;;;;;;;;;;;;;;;;;;;;;;;;;;;;;;;;;;;;;;;;;;;
广州市越秀区加闵贸易商行;https://shop7zb4k09017292.1688.com;2;45;https://detail.1688.com/offer/652481487093.html;;;;;;;;;;;;;;;;;;;;;;;;;;;;;;;;;;;;;;;;;;;;;68;https://detail.1688.com/offer/652102050956.html;;;;;;;;;;;;;;;;;;;;;;;;;;;;;;;;;;;;;;;;;;;;;;;;;;;;;;;;;;;;;;;;;;;;;;;;;;;;;;;;;;;;;;;;;;;;;;;;;;;;;;;;;;;;;;;;;;;;;;;;;;;;;;;;;;;;;;;;;;;;;;;;;;
南平市建阳区超级特伟强百货店;https://shop6g9e877348759.1688.com;2;45;https://detail.1688.com/offer/642155145077.html;;;47;https://detail.1688.com/offer/643491103929.html;;;;;;;;;;;;;;;;;;;;;;;;;;;;;;;;;;;;;;;;;;;;;;;;;;;;;;;;;;;;;;;;;;;;;;;;;;;;;;;;;;;;;;;;;;;;;;;;;;;;;;;;;;;;;;;;;;;;;;;;;;;;;;;;;;;;;;;;;;;;;;;;;;;;;;;;;;;;;;;;;;;;;;;;;;;;;;;;;;;;;;;;;;;;
佛山市南海区成岚安家具厂;https://shop694uz978u1403.1688.com;2;45;https://detail.1688.com/offer/641408809464.html;;;;;;;;;;;;;;;;;;;;;;;;;;;;;;;;;;;;;;;;;;;;;;;;;;;;;;;;;;;;;;;;;;;;;;;;;;;;;;;;;;;;;;;;;;;;;;;;;;;95;https://detail.1688.com/offer/655180536546.html;;;;;;;;;;;;;;;;;;;;;;;;;;;;;;;;;;;;;;;;;;;;;;;;;;;;;;;;;;;;;;;;;;;;;;;;;;;;;;;;;;;;;;;;;;;;
连城县绿洲百货店;https://shop03279381im305.1688.com;2;45;https://detail.1688.com/offer/654882952056.html;;;;;;;;;;;;;;;;;;;;;;;;;;;;;;;;;;;;;;;;;;;;;;;69;https://detail.1688.com/offer/654459032897.html;;;;;;;;;;;;;;;;;;;;;;;;;;;;;;;;;;;;;;;;;;;;;;;;;;;;;;;;;;;;;;;;;;;;;;;;;;;;;;;;;;;;;;;;;;;;;;;;;;;;;;;;;;;;;;;;;;;;;;;;;;;;;;;;;;;;;;;;;;;;;;;;
义乌市蒽柠电子商务商行;https://shop8004q508d6o08.1688.com;2;45;https://detail.1688.com/offer/650207534080.html;;;;;;;;;;;;;;;;;;;;;;;;;;;;;;;;;;;;;;;;;;;;;;;;;;;;;;;;;;;;;;;77;https://detail.1688.com/offer/651972175704.html;;;;;;;;;;;;;;;;;;;;;;;;;;;;;;;;;;;;;;;;;;;;;;;;;;;;;;;;;;;;;;;;;;;;;;;;;;;;;;;;;;;;;;;;;;;;;;;;;;;;;;;;;;;;;;;;;;;;;;;;;;;;;;;;
义乌市迪奢饰品有限公司;https://yiwubinxiang888.1688.com;2;46;https://detail.1688.com/offer/643244186374.html;;;;;;;;;;;;;;;;;;;;;;;;;;;;;;;;;;;;;;;;;;;68;https://detail.1688.com/offer/645938162826.html;;;;;;;;;;;;;;;;;;;;;;;;;;;;;;;;;;;;;;;;;;;;;;;;;;;;;;;;;;;;;;;;;;;;;;;;;;;;;;;;;;;;;;;;;;;;;;;;;;;;;;;;;;;;;;;;;;;;;;;;;;;;;;;;;;;;;;;;;;;;;;;;;;;;
义乌市诛积饰品有限公司;https://zhujishipin.1688.com;2;46;https://detail.1688.com/offer/561728949669.html;;;;;;;;;;;;;;;;;;;;;;;;;;;;;;;;;;;;;;;;;;;;;;;;;;;;;;;;;;;;;;;;;;;80;https://detail.1688.com/offer/617835956462.html;;;;;;;;;;;;;;;;;;;;;;;;;;;;;;;;;;;;;;;;;;;;;;;;;;;;;;;;;;;;;;;;;;;;;;;;;;;;;;;;;;;;;;;;;;;;;;;;;;;;;;;;;;;;;;;;;;;;;;;;;;;;
义乌市饰婕电子商务有限公司;https://sheegior.1688.com;2;46;https://detail.1688.com/offer/572574637179.html;;;;;;;;;;;;;;;;;;;;;;;;;;;;;;;;;;;;;;;;;;;;;;;;;;;;;;;;;;;;;;;;;;;;;;;;;;;;;;;;;;;;;;;;;;;92;https://detail.1688.com/offer/641562844347.html;;;;;;;;;;;;;;;;;;;;;;;;;;;;;;;;;;;;;;;;;;;;;;;;;;;;;;;;;;;;;;;;;;;;;;;;;;;;;;;;;;;;;;;;;;;;;;;;;;;;
深圳凯丽兴商贸有限公司;https://shop1464109358369.1688.com;2;46;https://detail.1688.com/offer/627820217400.html;;;;;;;;;;;;;;;;;;;;;;;;;;;;;;;;;;;;;;;;;;;;;;;;;;;;;;;;;;;;;;;;;;;;;81;https://detail.1688.com/offer/642721510650.html;;;;;;;;;;;;;;;;;;;;;;;;;;;;;;;;;;;;;;;;;;;;;;;;;;;;;;;;;;;;;;;;;;;;;;;;;;;;;;;;;;;;;;;;;;;;;;;;;;;;;;;;;;;;;;;;;;;;;;;;;;
深圳市龙岗区俏酷迪饰品厂;https://shop1458579920797.1688.com;2;46;https://detail.1688.com/offer/627815441802.html;;;;;;;;;;;;;;;;;;;;;;;;;;;;;;;;;;;;;;;;;;;;;;;;;;;;;;;;;;;;;;;;;;;;;81;https://detail.1688.com/offer/642723462333.html;;;;;;;;;;;;;;;;;;;;;;;;;;;;;;;;;;;;;;;;;;;;;;;;;;;;;;;;;;;;;;;;;;;;;;;;;;;;;;;;;;;;;;;;;;;;;;;;;;;;;;;;;;;;;;;;;;;;;;;;;;
深圳市龙岗区美雅利饰品厂;https://shop1388063705447.1688.com;2;46;https://detail.1688.com/offer/618336723834.html;;;;;;;;;;;;;;;;;;;;;;;;;;;;;;;;;;;;;;;;;;;;;;;;;;;;;;;;;;;;;;;;;;;;;81;https://detail.1688.com/offer/639653828975.html;;;;;;;;;;;;;;;;;;;;;;;;;;;;;;;;;;;;;;;;;;;;;;;;;;;;;;;;;;;;;;;;;;;;;;;;;;;;;;;;;;;;;;;;;;;;;;;;;;;;;;;;;;;;;;;;;;;;;;;;;;
义乌市仲夏饰品有限公司;https://minglan4718.1688.com;2;46;https://detail.1688.com/offer/577177895589.html;;;;;;;;;;;;;;;;;;;;;;;;;;;;;;;;;;;;;;;;;;;;;;;;;;;;;;;;;;;;;;;;;;;;;81;https://detail.1688.com/offer/576901004714.html;;;;;;;;;;;;;;;;;;;;;;;;;;;;;;;;;;;;;;;;;;;;;;;;;;;;;;;;;;;;;;;;;;;;;;;;;;;;;;;;;;;;;;;;;;;;;;;;;;;;;;;;;;;;;;;;;;;;;;;;;;
义乌市鸿庄电子商务商行;https://shop1411576834878.1688.com;2;46;https://detail.1688.com/offer/42695941509.html;;;;;;;;;;;;;;;;;;;;;;;;;;;;;;;;;;;;;;;;;;;;;;;;;;;;;;;;;;;;;;;78;https://detail.1688.com/offer/596267522752.html;;;;;;;;;;;;;;;;;;;;;;;;;;;;;;;;;;;;;;;;;;;;;;;;;;;;;;;;;;;;;;;;;;;;;;;;;;;;;;;;;;;;;;;;;;;;;;;;;;;;;;;;;;;;;;;;;;;;;;;;;;;;;;;;
义乌市濋玖电子商务有限公司;https://shop1493743791850.1688.com;2;48;https://detail.1688.com/offer/645826831340.html;;;50;https://detail.1688.com/offer/651759549537.html;;;;;;;;;;;;;;;;;;;;;;;;;;;;;;;;;;;;;;;;;;;;;;;;;;;;;;;;;;;;;;;;;;;;;;;;;;;;;;;;;;;;;;;;;;;;;;;;;;;;;;;;;;;;;;;;;;;;;;;;;;;;;;;;;;;;;;;;;;;;;;;;;;;;;;;;;;;;;;;;;;;;;;;;;;;;;;;;;;;;;;;;;;;;
义乌市乾攻电子商务商行;https://qiangong520.1688.com;2;49;https://detail.1688.com/offer/617991401289.html;50;https://detail.1688.com/offer/611199310113.html;;;;;;;;;;;;;;;;;;;;;;;;;;;;;;;;;;;;;;;;;;;;;;;;;;;;;;;;;;;;;;;;;;;;;;;;;;;;;;;;;;;;;;;;;;;;;;;;;;;;;;;;;;;;;;;;;;;;;;;;;;;;;;;;;;;;;;;;;;;;;;;;;;;;;;;;;;;;;;;;;;;;;;;;;;;;;;;;;;;;;;;;;;;;;;
义乌市倪罗诗贸易有限公司;https://15215856213.1688.com;2;49;https://detail.1688.com/offer/613260735490.html;50;https://detail.1688.com/offer/613583510125.html;;;;;;;;;;;;;;;;;;;;;;;;;;;;;;;;;;;;;;;;;;;;;;;;;;;;;;;;;;;;;;;;;;;;;;;;;;;;;;;;;;;;;;;;;;;;;;;;;;;;;;;;;;;;;;;;;;;;;;;;;;;;;;;;;;;;;;;;;;;;;;;;;;;;;;;;;;;;;;;;;;;;;;;;;;;;;;;;;;;;;;;;;;;;;;
义乌市松南进出口有限公司;https://shop1364461804175.1688.com;2;49;https://detail.1688.com/offer/617991138795.html;50;https://detail.1688.com/offer/636445190347.html;;;;;;;;;;;;;;;;;;;;;;;;;;;;;;;;;;;;;;;;;;;;;;;;;;;;;;;;;;;;;;;;;;;;;;;;;;;;;;;;;;;;;;;;;;;;;;;;;;;;;;;;;;;;;;;;;;;;;;;;;;;;;;;;;;;;;;;;;;;;;;;;;;;;;;;;;;;;;;;;;;;;;;;;;;;;;;;;;;;;;;;;;;;;;;
义乌市火兴帽业有限公司;https://yhx26358.1688.com;2;49;https://detail.1688.com/offer/617215361034.html;50;https://detail.1688.com/offer/613379393527.html;;;;;;;;;;;;;;;;;;;;;;;;;;;;;;;;;;;;;;;;;;;;;;;;;;;;;;;;;;;;;;;;;;;;;;;;;;;;;;;;;;;;;;;;;;;;;;;;;;;;;;;;;;;;;;;;;;;;;;;;;;;;;;;;;;;;;;;;;;;;;;;;;;;;;;;;;;;;;;;;;;;;;;;;;;;;;;;;;;;;;;;;;;;;;;
义乌创耀贸易有限公司;https://shop56206b4v00470.1688.com;2;49;https://detail.1688.com/offer/640591950106.html;50;https://detail.1688.com/offer/613896530876.html;;;;;;;;;;;;;;;;;;;;;;;;;;;;;;;;;;;;;;;;;;;;;;;;;;;;;;;;;;;;;;;;;;;;;;;;;;;;;;;;;;;;;;;;;;;;;;;;;;;;;;;;;;;;;;;;;;;;;;;;;;;;;;;;;;;;;;;;;;;;;;;;;;;;;;;;;;;;;;;;;;;;;;;;;;;;;;;;;;;;;;;;;;;;;;
义乌市响购针织有限公司;https://shop40602099v2k38.1688.com;2;49;https://detail.1688.com/offer/642250028985.html;50;https://detail.1688.com/offer/611704866836.html;;;;;;;;;;;;;;;;;;;;;;;;;;;;;;;;;;;;;;;;;;;;;;;;;;;;;;;;;;;;;;;;;;;;;;;;;;;;;;;;;;;;;;;;;;;;;;;;;;;;;;;;;;;;;;;;;;;;;;;;;;;;;;;;;;;;;;;;;;;;;;;;;;;;;;;;;;;;;;;;;;;;;;;;;;;;;;;;;;;;;;;;;;;;;;
义乌市臻魅服饰有限公司;https://shop01925318x8417.1688.com;2;49;https://detail.1688.com/offer/620727284848.html;50;https://detail.1688.com/offer/650289448621.html;;;;;;;;;;;;;;;;;;;;;;;;;;;;;;;;;;;;;;;;;;;;;;;;;;;;;;;;;;;;;;;;;;;;;;;;;;;;;;;;;;;;;;;;;;;;;;;;;;;;;;;;;;;;;;;;;;;;;;;;;;;;;;;;;;;;;;;;;;;;;;;;;;;;;;;;;;;;;;;;;;;;;;;;;;;;;;;;;;;;;;;;;;;;;;
义乌市司辰针织厂;https://shop1465287851450.1688.com;2;49;https://detail.1688.com/offer/618033215885.html;50;https://detail.1688.com/offer/615451403353.html;;;;;;;;;;;;;;;;;;;;;;;;;;;;;;;;;;;;;;;;;;;;;;;;;;;;;;;;;;;;;;;;;;;;;;;;;;;;;;;;;;;;;;;;;;;;;;;;;;;;;;;;;;;;;;;;;;;;;;;;;;;;;;;;;;;;;;;;;;;;;;;;;;;;;;;;;;;;;;;;;;;;;;;;;;;;;;;;;;;;;;;;;;;;;;
新罗区魔腾服装店;https://shop4y95197y1x605.1688.com;2;49;https://detail.1688.com/offer/643936713826.html;;;;;;;;;;;;;;;;;;;;;;;;;;;;;64;https://detail.1688.com/offer/641576970996.html;;;;;;;;;;;;;;;;;;;;;;;;;;;;;;;;;;;;;;;;;;;;;;;;;;;;;;;;;;;;;;;;;;;;;;;;;;;;;;;;;;;;;;;;;;;;;;;;;;;;;;;;;;;;;;;;;;;;;;;;;;;;;;;;;;;;;;;;;;;;;;;;;;;;;;;;;;;;;;;;;;
义乌童馨电子商务有限公司;https://shop81598z3163101.1688.com;2;49;https://detail.1688.com/offer/611141537079.html;50;https://detail.1688.com/offer/636325423321.html;;;;;;;;;;;;;;;;;;;;;;;;;;;;;;;;;;;;;;;;;;;;;;;;;;;;;;;;;;;;;;;;;;;;;;;;;;;;;;;;;;;;;;;;;;;;;;;;;;;;;;;;;;;;;;;;;;;;;;;;;;;;;;;;;;;;;;;;;;;;;;;;;;;;;;;;;;;;;;;;;;;;;;;;;;;;;;;;;;;;;;;;;;;;;;
永定区萧简唱百货商行;https://shop4027685u99q97.1688.com;2;49;https://detail.1688.com/offer/646004926094.html;;;;;;;;;;;;;;;;;;;;;;;;;;;;;;;;;;;;;;;;;;;;;;;;;;;;;;;;;;;;;;;;;;;;;;;;;;;;;;;;;;;;;;;;;;;;;;;97;https://detail.1688.com/offer/645535676625.html;;;;;;;;;;;;;;;;;;;;;;;;;;;;;;;;;;;;;;;;;;;;;;;;;;;;;;;;;;;;;;;;;;;;;;;;;;;;;;;;;;;;;;;;;;;;;;;;
义乌市青合饰品有限公司;https://shop259z32201pz92.1688.com;2;58;https://detail.1688.com/offer/650457189288.html;;;60;https://detail.1688.com/offer/641995192830.html;;;;;;;;;;;;;;;;;;;;;;;;;;;;;;;;;;;;;;;;;;;;;;;;;;;;;;;;;;;;;;;;;;;;;;;;;;;;;;;;;;;;;;;;;;;;;;;;;;;;;;;;;;;;;;;;;;;;;;;;;;;;;;;;;;;;;;;;;;;;;;;;;;;;;;;;;;;;;;;;;;;;;;;;;;;;;;;;;;;;;;;;;;;;
徐州市巨匠工艺品有限公司;https://jujianggyp.1688.com;2;59;https://detail.1688.com/offer/606265965193.html;60;https://detail.1688.com/offer/594884396725.html;;;;;;;;;;;;;;;;;;;;;;;;;;;;;;;;;;;;;;;;;;;;;;;;;;;;;;;;;;;;;;;;;;;;;;;;;;;;;;;;;;;;;;;;;;;;;;;;;;;;;;;;;;;;;;;;;;;;;;;;;;;;;;;;;;;;;;;;;;;;;;;;;;;;;;;;;;;;;;;;;;;;;;;;;;;;;;;;;;;;;;;;;;;;;;
海丰县绿儿服装商行;https://lverfashion.1688.com;2;63;https://detail.1688.com/offer/641365420508.html;64;https://detail.1688.com/offer/639422442964.html;;;;;;;;;;;;;;;;;;;;;;;;;;;;;;;;;;;;;;;;;;;;;;;;;;;;;;;;;;;;;;;;;;;;;;;;;;;;;;;;;;;;;;;;;;;;;;;;;;;;;;;;;;;;;;;;;;;;;;;;;;;;;;;;;;;;;;;;;;;;;;;;;;;;;;;;;;;;;;;;;;;;;;;;;;;;;;;;;;;;;;;;;;;;;;
深圳市南山区亿欣亿瑶服饰厂;https://shop1453222688889.1688.com;2;63;https://detail.1688.com/offer/543169482238.html;64;https://detail.1688.com/offer/599137963178.html;;;;;;;;;;;;;;;;;;;;;;;;;;;;;;;;;;;;;;;;;;;;;;;;;;;;;;;;;;;;;;;;;;;;;;;;;;;;;;;;;;;;;;;;;;;;;;;;;;;;;;;;;;;;;;;;;;;;;;;;;;;;;;;;;;;;;;;;;;;;;;;;;;;;;;;;;;;;;;;;;;;;;;;;;;;;;;;;;;;;;;;;;;;;;;
广州凯希珠宝有限公司;https://shop077139fu70669.1688.com;2;65;https://detail.1688.com/offer/652969484936.html;;;;;;;69;https://detail.1688.com/offer/652969484936.html;;;;;;;;;;;;;;;;;;;;;;;;;;;;;;;;;;;;;;;;;;;;;;;;;;;;;;;;;;;;;;;;;;;;;;;;;;;;;;;;;;;;;;;;;;;;;;;;;;;;;;;;;;;;;;;;;;;;;;;;;;;;;;;;;;;;;;;;;;;;;;;;;;;;;;;;;;;;;;;;;;;;;;;;;;;;;;;;;;;;;;;;
义乌市罗坤皮具厂;https://shop1452186209330.1688.com;2;66;https://detail.1688.com/offer/596561004721.html;67;https://detail.1688.com/offer/596561004721.html;;;;;;;;;;;;;;;;;;;;;;;;;;;;;;;;;;;;;;;;;;;;;;;;;;;;;;;;;;;;;;;;;;;;;;;;;;;;;;;;;;;;;;;;;;;;;;;;;;;;;;;;;;;;;;;;;;;;;;;;;;;;;;;;;;;;;;;;;;;;;;;;;;;;;;;;;;;;;;;;;;;;;;;;;;;;;;;;;;;;;;;;;;;;;;
义乌市益庆电子商务有限公司;https://shopyiqing.1688.com;2;66;https://detail.1688.com/offer/579124251701.html;67;https://detail.1688.com/offer/579124251701.html;;;;;;;;;;;;;;;;;;;;;;;;;;;;;;;;;;;;;;;;;;;;;;;;;;;;;;;;;;;;;;;;;;;;;;;;;;;;;;;;;;;;;;;;;;;;;;;;;;;;;;;;;;;;;;;;;;;;;;;;;;;;;;;;;;;;;;;;;;;;;;;;;;;;;;;;;;;;;;;;;;;;;;;;;;;;;;;;;;;;;;;;;;;;;;
青岛来饰缘商贸有限公司;https://lsy15694416333.1688.com;2;68;https://detail.1688.com/offer/625294398355.html;69;https://detail.1688.com/offer/567366396534.html;;;;;;;;;;;;;;;;;;;;;;;;;;;;;;;;;;;;;;;;;;;;;;;;;;;;;;;;;;;;;;;;;;;;;;;;;;;;;;;;;;;;;;;;;;;;;;;;;;;;;;;;;;;;;;;;;;;;;;;;;;;;;;;;;;;;;;;;;;;;;;;;;;;;;;;;;;;;;;;;;;;;;;;;;;;;;;;;;;;;;;;;;;;;;;
义乌市思齐饰品有限公司;https://shop32w391x5554y8.1688.com;2;68;https://detail.1688.com/offer/631159363226.html;;;;;;;;;;;;;;;;;;;;;;;;;;;;;;;;;85;https://detail.1688.com/offer/628392754286.html;;;;;;;;;;;;;;;;;;;;;;;;;;;;;;;;;;;;;;;;;;;;;;;;;;;;;;;;;;;;;;;;;;;;;;;;;;;;;;;;;;;;;;;;;;;;;;;;;;;;;;;;;;;;;;;;;;;;;;;;;;;;;;;;;;;;;;;;;;;;;;;;;;;;;;;;;;;;;;
义乌市宝钰饰品有限公司;https://baoyushipin.1688.com;2;68;https://detail.1688.com/offer/604025072188.html;;;;;;;;;;;;;75;https://detail.1688.com/offer/616177207236.html;;;;;;;;;;;;;;;;;;;;;;;;;;;;;;;;;;;;;;;;;;;;;;;;;;;;;;;;;;;;;;;;;;;;;;;;;;;;;;;;;;;;;;;;;;;;;;;;;;;;;;;;;;;;;;;;;;;;;;;;;;;;;;;;;;;;;;;;;;;;;;;;;;;;;;;;;;;;;;;;;;;;;;;;;;;;;;;;;;
义乌市丰美饰品厂;https://fengmeishipin.1688.com;2;68;https://detail.1688.com/offer/603757944008.html;;;;;;;;;;;;;75;https://detail.1688.com/offer/615479656573.html;;;;;;;;;;;;;;;;;;;;;;;;;;;;;;;;;;;;;;;;;;;;;;;;;;;;;;;;;;;;;;;;;;;;;;;;;;;;;;;;;;;;;;;;;;;;;;;;;;;;;;;;;;;;;;;;;;;;;;;;;;;;;;;;;;;;;;;;;;;;;;;;;;;;;;;;;;;;;;;;;;;;;;;;;;;;;;;;;;
海丰县梅陇艺选首饰厂;https://yixuanshoushi.1688.com;2;69;https://detail.1688.com/offer/616262237975.html;;;;;;;;;;;;;;;;;;;;;;;;;;;;;;;;;;;;;;;;;;;91;https://detail.1688.com/offer/653733653081.html;;;;;;;;;;;;;;;;;;;;;;;;;;;;;;;;;;;;;;;;;;;;;;;;;;;;;;;;;;;;;;;;;;;;;;;;;;;;;;;;;;;;;;;;;;;;;;;;;;;;;;;;;;;;;;;;;;;;;;;;;;;;;;;;;;;;;;;;;;;;;;;;;;;;
柘荣县角尼日用品经营部;https://shop86f7460976258.1688.com;2;70;https://detail.1688.com/offer/652251472385.html;;;;;;;;;;;;;;;;;;;;;;;;;;;;;85;https://detail.1688.com/offer/652431251928.html;;;;;;;;;;;;;;;;;;;;;;;;;;;;;;;;;;;;;;;;;;;;;;;;;;;;;;;;;;;;;;;;;;;;;;;;;;;;;;;;;;;;;;;;;;;;;;;;;;;;;;;;;;;;;;;;;;;;;;;;;;;;;;;;;;;;;;;;;;;;;;;;;;;;;;;;;;;;;;;;;;
漳州开发区会雯韵百货店;https://shop94337o305z274.1688.com;2;70;https://detail.1688.com/offer/655782462413.html;71;https://detail.1688.com/offer/655782462413.html;;;;;;;;;;;;;;;;;;;;;;;;;;;;;;;;;;;;;;;;;;;;;;;;;;;;;;;;;;;;;;;;;;;;;;;;;;;;;;;;;;;;;;;;;;;;;;;;;;;;;;;;;;;;;;;;;;;;;;;;;;;;;;;;;;;;;;;;;;;;;;;;;;;;;;;;;;;;;;;;;;;;;;;;;;;;;;;;;;;;;;;;;;;;;;
余江区偌慧经营部;https://shop2158240687t51.1688.com;2;70;https://detail.1688.com/offer/652183201004.html;71;https://detail.1688.com/offer/652183201004.html;;;;;;;;;;;;;;;;;;;;;;;;;;;;;;;;;;;;;;;;;;;;;;;;;;;;;;;;;;;;;;;;;;;;;;;;;;;;;;;;;;;;;;;;;;;;;;;;;;;;;;;;;;;;;;;;;;;;;;;;;;;;;;;;;;;;;;;;;;;;;;;;;;;;;;;;;;;;;;;;;;;;;;;;;;;;;;;;;;;;;;;;;;;;;;
柘荣县楷声日用品经营部;https://shop919sr48055l08.1688.com;2;70;https://detail.1688.com/offer/648010349051.html;71;https://detail.1688.com/offer/648010349051.html;;;;;;;;;;;;;;;;;;;;;;;;;;;;;;;;;;;;;;;;;;;;;;;;;;;;;;;;;;;;;;;;;;;;;;;;;;;;;;;;;;;;;;;;;;;;;;;;;;;;;;;;;;;;;;;;;;;;;;;;;;;;;;;;;;;;;;;;;;;;;;;;;;;;;;;;;;;;;;;;;;;;;;;;;;;;;;;;;;;;;;;;;;;;;;
三门轻司贸易商行;https://shop0510406159194.1688.com;2;70;https://detail.1688.com/offer/652408845374.html;71;https://detail.1688.com/offer/652408845374.html;;;;;;;;;;;;;;;;;;;;;;;;;;;;;;;;;;;;;;;;;;;;;;;;;;;;;;;;;;;;;;;;;;;;;;;;;;;;;;;;;;;;;;;;;;;;;;;;;;;;;;;;;;;;;;;;;;;;;;;;;;;;;;;;;;;;;;;;;;;;;;;;;;;;;;;;;;;;;;;;;;;;;;;;;;;;;;;;;;;;;;;;;;;;;;
义乌市桥恒饰品有限公司;https://zjepin.1688.com;2;74;https://detail.1688.com/offer/527810207091.html;75;https://detail.1688.com/offer/628095548662.html;;;;;;;;;;;;;;;;;;;;;;;;;;;;;;;;;;;;;;;;;;;;;;;;;;;;;;;;;;;;;;;;;;;;;;;;;;;;;;;;;;;;;;;;;;;;;;;;;;;;;;;;;;;;;;;;;;;;;;;;;;;;;;;;;;;;;;;;;;;;;;;;;;;;;;;;;;;;;;;;;;;;;;;;;;;;;;;;;;;;;;;;;;;;;;
义乌市希世电子商务有限公司;https://xishi001.1688.com;2;74;https://detail.1688.com/offer/580361532492.html;75;https://detail.1688.com/offer/599283125143.html;;;;;;;;;;;;;;;;;;;;;;;;;;;;;;;;;;;;;;;;;;;;;;;;;;;;;;;;;;;;;;;;;;;;;;;;;;;;;;;;;;;;;;;;;;;;;;;;;;;;;;;;;;;;;;;;;;;;;;;;;;;;;;;;;;;;;;;;;;;;;;;;;;;;;;;;;;;;;;;;;;;;;;;;;;;;;;;;;;;;;;;;;;;;;;
义乌市筱艳饰品有限公司;https://shop1445273544840.1688.com;2;74;https://detail.1688.com/offer/587656684259.html;;;;;77;https://detail.1688.com/offer/554629931504.html;;;;;;;;;;;;;;;;;;;;;;;;;;;;;;;;;;;;;;;;;;;;;;;;;;;;;;;;;;;;;;;;;;;;;;;;;;;;;;;;;;;;;;;;;;;;;;;;;;;;;;;;;;;;;;;;;;;;;;;;;;;;;;;;;;;;;;;;;;;;;;;;;;;;;;;;;;;;;;;;;;;;;;;;;;;;;;;;;;;;;;;;;;
义乌市新娘花饰品厂;https://xinnianghua.1688.com;2;74;https://detail.1688.com/offer/632457412402.html;75;https://detail.1688.com/offer/576856155775.html;;;;;;;;;;;;;;;;;;;;;;;;;;;;;;;;;;;;;;;;;;;;;;;;;;;;;;;;;;;;;;;;;;;;;;;;;;;;;;;;;;;;;;;;;;;;;;;;;;;;;;;;;;;;;;;;;;;;;;;;;;;;;;;;;;;;;;;;;;;;;;;;;;;;;;;;;;;;;;;;;;;;;;;;;;;;;;;;;;;;;;;;;;;;;;
义乌市辽月饰品厂;https://shop1418057229927.1688.com;2;74;https://detail.1688.com/offer/531521269594.html;75;https://detail.1688.com/offer/599283350045.html;;;;;;;;;;;;;;;;;;;;;;;;;;;;;;;;;;;;;;;;;;;;;;;;;;;;;;;;;;;;;;;;;;;;;;;;;;;;;;;;;;;;;;;;;;;;;;;;;;;;;;;;;;;;;;;;;;;;;;;;;;;;;;;;;;;;;;;;;;;;;;;;;;;;;;;;;;;;;;;;;;;;;;;;;;;;;;;;;;;;;;;;;;;;;;
义乌市昆娜服饰有限公司;https://queena.1688.com;2;74;https://detail.1688.com/offer/623649184001.html;75;https://detail.1688.com/offer/582476916097.html;;;;;;;;;;;;;;;;;;;;;;;;;;;;;;;;;;;;;;;;;;;;;;;;;;;;;;;;;;;;;;;;;;;;;;;;;;;;;;;;;;;;;;;;;;;;;;;;;;;;;;;;;;;;;;;;;;;;;;;;;;;;;;;;;;;;;;;;;;;;;;;;;;;;;;;;;;;;;;;;;;;;;;;;;;;;;;;;;;;;;;;;;;;;;;
义乌市君皓饰品厂;https://yhmy168.1688.com;2;74;https://detail.1688.com/offer/597212366641.html;;;76;https://detail.1688.com/offer/520831764341.html;;;;;;;;;;;;;;;;;;;;;;;;;;;;;;;;;;;;;;;;;;;;;;;;;;;;;;;;;;;;;;;;;;;;;;;;;;;;;;;;;;;;;;;;;;;;;;;;;;;;;;;;;;;;;;;;;;;;;;;;;;;;;;;;;;;;;;;;;;;;;;;;;;;;;;;;;;;;;;;;;;;;;;;;;;;;;;;;;;;;;;;;;;;;
东阳市蔓哲饰品有限公司;https://shop84172w7797549.1688.com;2;74;https://detail.1688.com/offer/633663912329.html;75;https://detail.1688.com/offer/599088649168.html;;;;;;;;;;;;;;;;;;;;;;;;;;;;;;;;;;;;;;;;;;;;;;;;;;;;;;;;;;;;;;;;;;;;;;;;;;;;;;;;;;;;;;;;;;;;;;;;;;;;;;;;;;;;;;;;;;;;;;;;;;;;;;;;;;;;;;;;;;;;;;;;;;;;;;;;;;;;;;;;;;;;;;;;;;;;;;;;;;;;;;;;;;;;;;
义乌市尔洵饰品有限公司;https://shop351u315060814.1688.com;2;75;https://detail.1688.com/offer/652441418465.html;76;https://detail.1688.com/offer/652875084735.html;;;;;;;;;;;;;;;;;;;;;;;;;;;;;;;;;;;;;;;;;;;;;;;;;;;;;;;;;;;;;;;;;;;;;;;;;;;;;;;;;;;;;;;;;;;;;;;;;;;;;;;;;;;;;;;;;;;;;;;;;;;;;;;;;;;;;;;;;;;;;;;;;;;;;;;;;;;;;;;;;;;;;;;;;;;;;;;;;;;;;;;;;;;;;;
义乌市乐侣饰品厂;https://ywllteqsp.1688.com;2;79;https://detail.1688.com/offer/589571021972.html;;;;;;;;;;;85;https://detail.1688.com/offer/592216140100.html;;;;;;;;;;;;;;;;;;;;;;;;;;;;;;;;;;;;;;;;;;;;;;;;;;;;;;;;;;;;;;;;;;;;;;;;;;;;;;;;;;;;;;;;;;;;;;;;;;;;;;;;;;;;;;;;;;;;;;;;;;;;;;;;;;;;;;;;;;;;;;;;;;;;;;;;;;;;;;;;;;;;;;;;;;;;;;;;;;;;
深圳市佰亿滋贸易有限公司;https://shop1466096566171.1688.com;2;80;https://detail.1688.com/offer/577069763488.html;81;https://detail.1688.com/offer/594158267826.html;;;;;;;;;;;;;;;;;;;;;;;;;;;;;;;;;;;;;;;;;;;;;;;;;;;;;;;;;;;;;;;;;;;;;;;;;;;;;;;;;;;;;;;;;;;;;;;;;;;;;;;;;;;;;;;;;;;;;;;;;;;;;;;;;;;;;;;;;;;;;;;;;;;;;;;;;;;;;;;;;;;;;;;;;;;;;;;;;;;;;;;;;;;;;;
丹阳市开发区乐博弈百货商行;https://shop648d1x08428s4.1688.com;2;80;https://detail.1688.com/offer/624087730405.html;;;;;;;84;https://detail.1688.com/offer/624034838358.html;;;;;;;;;;;;;;;;;;;;;;;;;;;;;;;;;;;;;;;;;;;;;;;;;;;;;;;;;;;;;;;;;;;;;;;;;;;;;;;;;;;;;;;;;;;;;;;;;;;;;;;;;;;;;;;;;;;;;;;;;;;;;;;;;;;;;;;;;;;;;;;;;;;;;;;;;;;;;;;;;;;;;;;;;;;;;;;;;;;;;;;;
江西慕诗琪饰品有限公司;https://ywrdbuy.1688.com;2;80;https://detail.1688.com/offer/43839616445.html;81;https://detail.1688.com/offer/563774509352.html;;;;;;;;;;;;;;;;;;;;;;;;;;;;;;;;;;;;;;;;;;;;;;;;;;;;;;;;;;;;;;;;;;;;;;;;;;;;;;;;;;;;;;;;;;;;;;;;;;;;;;;;;;;;;;;;;;;;;;;;;;;;;;;;;;;;;;;;;;;;;;;;;;;;;;;;;;;;;;;;;;;;;;;;;;;;;;;;;;;;;;;;;;;;;;
义乌市魅蝶电子商务商行;https://shop3256ll5922b21.1688.com;2;80;https://detail.1688.com/offer/564066518385.html;;;;;83;https://detail.1688.com/offer/583870065095.html;;;;;;;;;;;;;;;;;;;;;;;;;;;;;;;;;;;;;;;;;;;;;;;;;;;;;;;;;;;;;;;;;;;;;;;;;;;;;;;;;;;;;;;;;;;;;;;;;;;;;;;;;;;;;;;;;;;;;;;;;;;;;;;;;;;;;;;;;;;;;;;;;;;;;;;;;;;;;;;;;;;;;;;;;;;;;;;;;;;;;;;;;;
义乌市窿艺昌贸易有限公司;https://shop1557305073f79.1688.com;2;80;https://detail.1688.com/offer/622864018215.html;;;;;;;84;https://detail.1688.com/offer/625169427922.html;;;;;;;;;;;;;;;;;;;;;;;;;;;;;;;;;;;;;;;;;;;;;;;;;;;;;;;;;;;;;;;;;;;;;;;;;;;;;;;;;;;;;;;;;;;;;;;;;;;;;;;;;;;;;;;;;;;;;;;;;;;;;;;;;;;;;;;;;;;;;;;;;;;;;;;;;;;;;;;;;;;;;;;;;;;;;;;;;;;;;;;;
义乌市悠佳饰品商行;https://yuokiaa.1688.com;2;80;https://detail.1688.com/offer/608664391658.html;81;https://detail.1688.com/offer/635848742553.html;;;;;;;;;;;;;;;;;;;;;;;;;;;;;;;;;;;;;;;;;;;;;;;;;;;;;;;;;;;;;;;;;;;;;;;;;;;;;;;;;;;;;;;;;;;;;;;;;;;;;;;;;;;;;;;;;;;;;;;;;;;;;;;;;;;;;;;;;;;;;;;;;;;;;;;;;;;;;;;;;;;;;;;;;;;;;;;;;;;;;;;;;;;;;;
义乌百优饰品有限公司;https://beau2050.1688.com;2;80;https://detail.1688.com/offer/633472810768.html;81;https://detail.1688.com/offer/633472810768.html;;;;;;;;;;;;;;;;;;;;;;;;;;;;;;;;;;;;;;;;;;;;;;;;;;;;;;;;;;;;;;;;;;;;;;;;;;;;;;;;;;;;;;;;;;;;;;;;;;;;;;;;;;;;;;;;;;;;;;;;;;;;;;;;;;;;;;;;;;;;;;;;;;;;;;;;;;;;;;;;;;;;;;;;;;;;;;;;;;;;;;;;;;;;;;
桂林市古今工艺品批发店;https://chunyina9988.1688.com;2;80;https://detail.1688.com/offer/896344403.html;81;https://detail.1688.com/offer/515459463.html;;;;;;;;;;;;;;;;;;;;;;;;;;;;;;;;;;;;;;;;;;;;;;;;;;;;;;;;;;;;;;;;;;;;;;;;;;;;;;;;;;;;;;;;;;;;;;;;;;;;;;;;;;;;;;;;;;;;;;;;;;;;;;;;;;;;;;;;;;;;;;;;;;;;;;;;;;;;;;;;;;;;;;;;;;;;;;;;;;;;;;;;;;;;;;
义乌市琦诺饰品有限公司;https://nimibus.1688.com;2;86;https://detail.1688.com/offer/555995459771.html;87;https://detail.1688.com/offer/555418839160.html;;;;;;;;;;;;;;;;;;;;;;;;;;;;;;;;;;;;;;;;;;;;;;;;;;;;;;;;;;;;;;;;;;;;;;;;;;;;;;;;;;;;;;;;;;;;;;;;;;;;;;;;;;;;;;;;;;;;;;;;;;;;;;;;;;;;;;;;;;;;;;;;;;;;;;;;;;;;;;;;;;;;;;;;;;;;;;;;;;;;;;;;;;;;;;
上海天机饰品有限公司;https://shop1431589838411.1688.com;2;86;https://detail.1688.com/offer/556372732554.html;87;https://detail.1688.com/offer/556372732554.html;;;;;;;;;;;;;;;;;;;;;;;;;;;;;;;;;;;;;;;;;;;;;;;;;;;;;;;;;;;;;;;;;;;;;;;;;;;;;;;;;;;;;;;;;;;;;;;;;;;;;;;;;;;;;;;;;;;;;;;;;;;;;;;;;;;;;;;;;;;;;;;;;;;;;;;;;;;;;;;;;;;;;;;;;;;;;;;;;;;;;;;;;;;;;;
义乌市策坤饰品有限公司;https://cekunshipin.1688.com;2;88;https://detail.1688.com/offer/594002688260.html;;;;;;;;;;;;;95;https://detail.1688.com/offer/562742733557.html;;;;;;;;;;;;;;;;;;;;;;;;;;;;;;;;;;;;;;;;;;;;;;;;;;;;;;;;;;;;;;;;;;;;;;;;;;;;;;;;;;;;;;;;;;;;;;;;;;;;;;;;;;;;;;;;;;;;;;;;;;;;;;;;;;;;;;;;;;;;;;;;;;;;;;;;;;;;;;;;;;;;;;;;;;;;;;;;;;
义乌市琪誉电子商务商行;https://shop493k2go042006.1688.com;2;90;https://detail.1688.com/offer/644879247108.html;91;https://detail.1688.com/offer/617859895520.html;;;;;;;;;;;;;;;;;;;;;;;;;;;;;;;;;;;;;;;;;;;;;;;;;;;;;;;;;;;;;;;;;;;;;;;;;;;;;;;;;;;;;;;;;;;;;;;;;;;;;;;;;;;;;;;;;;;;;;;;;;;;;;;;;;;;;;;;;;;;;;;;;;;;;;;;;;;;;;;;;;;;;;;;;;;;;;;;;;;;;;;;;;;;;;
义乌市联格饰品有限公司;https://liang15957934545.1688.com;2;94;https://detail.1688.com/offer/630700858515.html;95;https://detail.1688.com/offer/630700858515.html;;;;;;;;;;;;;;;;;;;;;;;;;;;;;;;;;;;;;;;;;;;;;;;;;;;;;;;;;;;;;;;;;;;;;;;;;;;;;;;;;;;;;;;;;;;;;;;;;;;;;;;;;;;;;;;;;;;;;;;;;;;;;;;;;;;;;;;;;;;;;;;;;;;;;;;;;;;;;;;;;;;;;;;;;;;;;;;;;;;;;;;;;;;;;;
义乌市晶礼电子商务商行;https://7chakra.1688.com;2;94;https://detail.1688.com/offer/651698304931.html;95;https://detail.1688.com/offer/582243890868.html;;;;;;;;;;;;;;;;;;;;;;;;;;;;;;;;;;;;;;;;;;;;;;;;;;;;;;;;;;;;;;;;;;;;;;;;;;;;;;;;;;;;;;;;;;;;;;;;;;;;;;;;;;;;;;;;;;;;;;;;;;;;;;;;;;;;;;;;;;;;;;;;;;;;;;;;;;;;;;;;;;;;;;;;;;;;;;;;;;;;;;;;;;;;;;
义乌市贝曼饰品有限公司;https://betterwoman.1688.com;2;94;https://detail.1688.com/offer/541888326297.html;95;https://detail.1688.com/offer/556028927962.html;;;;;;;;;;;;;;;;;;;;;;;;;;;;;;;;;;;;;;;;;;;;;;;;;;;;;;;;;;;;;;;;;;;;;;;;;;;;;;;;;;;;;;;;;;;;;;;;;;;;;;;;;;;;;;;;;;;;;;;;;;;;;;;;;;;;;;;;;;;;;;;;;;;;;;;;;;;;;;;;;;;;;;;;;;;;;;;;;;;;;;;;;;;;;;
义乌市珏茂饰品有限公司;https://shop1495542565872.1688.com;2;94;https://detail.1688.com/offer/623695713492.html;95;https://detail.1688.com/offer/623695713492.html;;;;;;;;;;;;;;;;;;;;;;;;;;;;;;;;;;;;;;;;;;;;;;;;;;;;;;;;;;;;;;;;;;;;;;;;;;;;;;;;;;;;;;;;;;;;;;;;;;;;;;;;;;;;;;;;;;;;;;;;;;;;;;;;;;;;;;;;;;;;;;;;;;;;;;;;;;;;;;;;;;;;;;;;;;;;;;;;;;;;;;;;;;;;;;
如皋市卓尔工艺品商行;https://druzymart.1688.com;2;94;https://detail.1688.com/offer/540241794473.html;95;https://detail.1688.com/offer/543781609191.html;;;;;;;;;;;;;;;;;;;;;;;;;;;;;;;;;;;;;;;;;;;;;;;;;;;;;;;;;;;;;;;;;;;;;;;;;;;;;;;;;;;;;;;;;;;;;;;;;;;;;;;;;;;;;;;;;;;;;;;;;;;;;;;;;;;;;;;;;;;;;;;;;;;;;;;;;;;;;;;;;;;;;;;;;;;;;;;;;;;;;;;;;;;;;;
东海县润阳珠宝有限公司;https://shop1447866704393.1688.com;2;94;https://detail.1688.com/offer/653303952572.html;95;https://detail.1688.com/offer/650689151633.html;;;;;;;;;;;;;;;;;;;;;;;;;;;;;;;;;;;;;;;;;;;;;;;;;;;;;;;;;;;;;;;;;;;;;;;;;;;;;;;;;;;;;;;;;;;;;;;;;;;;;;;;;;;;;;;;;;;;;;;;;;;;;;;;;;;;;;;;;;;;;;;;;;;;;;;;;;;;;;;;;;;;;;;;;;;;;;;;;;;;;;;;;;;;;;
莆田市荔城区禾罗服饰店;https://shop174o52584z680.1688.com;2;96;https://detail.1688.com/offer/649639856829.html;97;https://detail.1688.com/offer/653970509069.html;;;;;;;;;;;;;;;;;;;;;;;;;;;;;;;;;;;;;;;;;;;;;;;;;;;;;;;;;;;;;;;;;;;;;;;;;;;;;;;;;;;;;;;;;;;;;;;;;;;;;;;;;;;;;;;;;;;;;;;;;;;;;;;;;;;;;;;;;;;;;;;;;;;;;;;;;;;;;;;;;;;;;;;;;;;;;;;;;;;;;;;;;;;;;;
新罗区菩西百货商行;https://shop500bs309s2050.1688.com;1;1;https://detail.1688.com/offer/641757046905.html;;;;;;;;;;;;;;;;;;;;;;;;;;;;;;;;;;;;;;;;;;;;;;;;;;;;;;;;;;;;;;;;;;;;;;;;;;;;;;;;;;;;;;;;;;;;;;;;;;;;;;;;;;;;;;;;;;;;;;;;;;;;;;;;;;;;;;;;;;;;;;;;;;;;;;;;;;;;;;;;;;;;;;;;;;;;;;;;;;;;;;;;;;;;;;;;
玉林市玉州区安潼日用百货店;https://shop0956135g23175.1688.com;1;1;https://detail.1688.com/offer/655329967486.html;;;;;;;;;;;;;;;;;;;;;;;;;;;;;;;;;;;;;;;;;;;;;;;;;;;;;;;;;;;;;;;;;;;;;;;;;;;;;;;;;;;;;;;;;;;;;;;;;;;;;;;;;;;;;;;;;;;;;;;;;;;;;;;;;;;;;;;;;;;;;;;;;;;;;;;;;;;;;;;;;;;;;;;;;;;;;;;;;;;;;;;;;;;;;;;;
义乌市宗然饰品厂;https://shop1418316225694.1688.com;1;1;https://detail.1688.com/offer/619268942269.html;;;;;;;;;;;;;;;;;;;;;;;;;;;;;;;;;;;;;;;;;;;;;;;;;;;;;;;;;;;;;;;;;;;;;;;;;;;;;;;;;;;;;;;;;;;;;;;;;;;;;;;;;;;;;;;;;;;;;;;;;;;;;;;;;;;;;;;;;;;;;;;;;;;;;;;;;;;;;;;;;;;;;;;;;;;;;;;;;;;;;;;;;;;;;;;;
金华时时饰品有限公司;https://shop312602888dd13.1688.com;1;1;https://detail.1688.com/offer/643365119729.html;;;;;;;;;;;;;;;;;;;;;;;;;;;;;;;;;;;;;;;;;;;;;;;;;;;;;;;;;;;;;;;;;;;;;;;;;;;;;;;;;;;;;;;;;;;;;;;;;;;;;;;;;;;;;;;;;;;;;;;;;;;;;;;;;;;;;;;;;;;;;;;;;;;;;;;;;;;;;;;;;;;;;;;;;;;;;;;;;;;;;;;;;;;;;;;;
台州市黄岩展振日用品商行;https://shop97566833j5333.1688.com;1;1;https://detail.1688.com/offer/651975814978.html;;;;;;;;;;;;;;;;;;;;;;;;;;;;;;;;;;;;;;;;;;;;;;;;;;;;;;;;;;;;;;;;;;;;;;;;;;;;;;;;;;;;;;;;;;;;;;;;;;;;;;;;;;;;;;;;;;;;;;;;;;;;;;;;;;;;;;;;;;;;;;;;;;;;;;;;;;;;;;;;;;;;;;;;;;;;;;;;;;;;;;;;;;;;;;;;
广州宜一百货有限公司;https://shop25a96286t0547.1688.com;1;1;https://detail.1688.com/offer/642395123604.html;;;;;;;;;;;;;;;;;;;;;;;;;;;;;;;;;;;;;;;;;;;;;;;;;;;;;;;;;;;;;;;;;;;;;;;;;;;;;;;;;;;;;;;;;;;;;;;;;;;;;;;;;;;;;;;;;;;;;;;;;;;;;;;;;;;;;;;;;;;;;;;;;;;;;;;;;;;;;;;;;;;;;;;;;;;;;;;;;;;;;;;;;;;;;;;;
义乌市旅菓电子商务商行;https://shop1415983272531.1688.com;1;1;https://detail.1688.com/offer/525269255031.html;;;;;;;;;;;;;;;;;;;;;;;;;;;;;;;;;;;;;;;;;;;;;;;;;;;;;;;;;;;;;;;;;;;;;;;;;;;;;;;;;;;;;;;;;;;;;;;;;;;;;;;;;;;;;;;;;;;;;;;;;;;;;;;;;;;;;;;;;;;;;;;;;;;;;;;;;;;;;;;;;;;;;;;;;;;;;;;;;;;;;;;;;;;;;;;;
新罗区美衣熏百货店;https://shop1548617nnl725.1688.com;1;1;https://detail.1688.com/offer/655883914225.html;;;;;;;;;;;;;;;;;;;;;;;;;;;;;;;;;;;;;;;;;;;;;;;;;;;;;;;;;;;;;;;;;;;;;;;;;;;;;;;;;;;;;;;;;;;;;;;;;;;;;;;;;;;;;;;;;;;;;;;;;;;;;;;;;;;;;;;;;;;;;;;;;;;;;;;;;;;;;;;;;;;;;;;;;;;;;;;;;;;;;;;;;;;;;;;;
义乌市翼洋日用百货商行;https://shop21083c224c0f7.1688.com;1;1;https://detail.1688.com/offer/642393785152.html;;;;;;;;;;;;;;;;;;;;;;;;;;;;;;;;;;;;;;;;;;;;;;;;;;;;;;;;;;;;;;;;;;;;;;;;;;;;;;;;;;;;;;;;;;;;;;;;;;;;;;;;;;;;;;;;;;;;;;;;;;;;;;;;;;;;;;;;;;;;;;;;;;;;;;;;;;;;;;;;;;;;;;;;;;;;;;;;;;;;;;;;;;;;;;;;
余姚市春诚日用品商行;https://shop30090510m6507.1688.com;1;1;https://detail.1688.com/offer/629402576561.html;;;;;;;;;;;;;;;;;;;;;;;;;;;;;;;;;;;;;;;;;;;;;;;;;;;;;;;;;;;;;;;;;;;;;;;;;;;;;;;;;;;;;;;;;;;;;;;;;;;;;;;;;;;;;;;;;;;;;;;;;;;;;;;;;;;;;;;;;;;;;;;;;;;;;;;;;;;;;;;;;;;;;;;;;;;;;;;;;;;;;;;;;;;;;;;;
余江区莱彦经营部;https://shop084657969n1p8.1688.com;1;1;https://detail.1688.com/offer/655163247521.html;;;;;;;;;;;;;;;;;;;;;;;;;;;;;;;;;;;;;;;;;;;;;;;;;;;;;;;;;;;;;;;;;;;;;;;;;;;;;;;;;;;;;;;;;;;;;;;;;;;;;;;;;;;;;;;;;;;;;;;;;;;;;;;;;;;;;;;;;;;;;;;;;;;;;;;;;;;;;;;;;;;;;;;;;;;;;;;;;;;;;;;;;;;;;;;;
余江区嘉杰经营部;https://shop922h835636056.1688.com;1;1;https://detail.1688.com/offer/655129341682.html;;;;;;;;;;;;;;;;;;;;;;;;;;;;;;;;;;;;;;;;;;;;;;;;;;;;;;;;;;;;;;;;;;;;;;;;;;;;;;;;;;;;;;;;;;;;;;;;;;;;;;;;;;;;;;;;;;;;;;;;;;;;;;;;;;;;;;;;;;;;;;;;;;;;;;;;;;;;;;;;;;;;;;;;;;;;;;;;;;;;;;;;;;;;;;;;
余江区兴大炜经营部;https://shop83a0u334w1647.1688.com;1;1;https://detail.1688.com/offer/653192296141.html;;;;;;;;;;;;;;;;;;;;;;;;;;;;;;;;;;;;;;;;;;;;;;;;;;;;;;;;;;;;;;;;;;;;;;;;;;;;;;;;;;;;;;;;;;;;;;;;;;;;;;;;;;;;;;;;;;;;;;;;;;;;;;;;;;;;;;;;;;;;;;;;;;;;;;;;;;;;;;;;;;;;;;;;;;;;;;;;;;;;;;;;;;;;;;;;
义乌市美语电子商务商行;https://shop50g394d0q2025.1688.com;1;1;https://detail.1688.com/offer/654029421270.html;;;;;;;;;;;;;;;;;;;;;;;;;;;;;;;;;;;;;;;;;;;;;;;;;;;;;;;;;;;;;;;;;;;;;;;;;;;;;;;;;;;;;;;;;;;;;;;;;;;;;;;;;;;;;;;;;;;;;;;;;;;;;;;;;;;;;;;;;;;;;;;;;;;;;;;;;;;;;;;;;;;;;;;;;;;;;;;;;;;;;;;;;;;;;;;;
通山县西珀百货店;https://shop505799447jv91.1688.com;1;1;https://detail.1688.com/offer/646785249821.html;;;;;;;;;;;;;;;;;;;;;;;;;;;;;;;;;;;;;;;;;;;;;;;;;;;;;;;;;;;;;;;;;;;;;;;;;;;;;;;;;;;;;;;;;;;;;;;;;;;;;;;;;;;;;;;;;;;;;;;;;;;;;;;;;;;;;;;;;;;;;;;;;;;;;;;;;;;;;;;;;;;;;;;;;;;;;;;;;;;;;;;;;;;;;;;;
义乌市秀雨饰品商行;https://shop812958i3j4912.1688.com;1;1;https://detail.1688.com/offer/655453693412.html;;;;;;;;;;;;;;;;;;;;;;;;;;;;;;;;;;;;;;;;;;;;;;;;;;;;;;;;;;;;;;;;;;;;;;;;;;;;;;;;;;;;;;;;;;;;;;;;;;;;;;;;;;;;;;;;;;;;;;;;;;;;;;;;;;;;;;;;;;;;;;;;;;;;;;;;;;;;;;;;;;;;;;;;;;;;;;;;;;;;;;;;;;;;;;;;
义乌市米贝饰品厂;https://shop22609x978r678.1688.com;1;1;https://detail.1688.com/offer/653492700342.html;;;;;;;;;;;;;;;;;;;;;;;;;;;;;;;;;;;;;;;;;;;;;;;;;;;;;;;;;;;;;;;;;;;;;;;;;;;;;;;;;;;;;;;;;;;;;;;;;;;;;;;;;;;;;;;;;;;;;;;;;;;;;;;;;;;;;;;;;;;;;;;;;;;;;;;;;;;;;;;;;;;;;;;;;;;;;;;;;;;;;;;;;;;;;;;;
义乌市银韶电子商务商行;https://shop98tn97t456605.1688.com;1;1;https://detail.1688.com/offer/653237397974.html;;;;;;;;;;;;;;;;;;;;;;;;;;;;;;;;;;;;;;;;;;;;;;;;;;;;;;;;;;;;;;;;;;;;;;;;;;;;;;;;;;;;;;;;;;;;;;;;;;;;;;;;;;;;;;;;;;;;;;;;;;;;;;;;;;;;;;;;;;;;;;;;;;;;;;;;;;;;;;;;;;;;;;;;;;;;;;;;;;;;;;;;;;;;;;;;
东莞市荣泰制帽厂;https://zimaogongchang.1688.com;1;1;https://detail.1688.com/offer/560936027556.html;;;;;;;;;;;;;;;;;;;;;;;;;;;;;;;;;;;;;;;;;;;;;;;;;;;;;;;;;;;;;;;;;;;;;;;;;;;;;;;;;;;;;;;;;;;;;;;;;;;;;;;;;;;;;;;;;;;;;;;;;;;;;;;;;;;;;;;;;;;;;;;;;;;;;;;;;;;;;;;;;;;;;;;;;;;;;;;;;;;;;;;;;;;;;;;;
润州区花而洋服装厂;https://shop55986so682060.1688.com;1;1;https://detail.1688.com/offer/646167713657.html;;;;;;;;;;;;;;;;;;;;;;;;;;;;;;;;;;;;;;;;;;;;;;;;;;;;;;;;;;;;;;;;;;;;;;;;;;;;;;;;;;;;;;;;;;;;;;;;;;;;;;;;;;;;;;;;;;;;;;;;;;;;;;;;;;;;;;;;;;;;;;;;;;;;;;;;;;;;;;;;;;;;;;;;;;;;;;;;;;;;;;;;;;;;;;;;
金华市国奥贸易有限公司;https://shop19q7045r24516.1688.com;1;1;https://detail.1688.com/offer/644522274596.html;;;;;;;;;;;;;;;;;;;;;;;;;;;;;;;;;;;;;;;;;;;;;;;;;;;;;;;;;;;;;;;;;;;;;;;;;;;;;;;;;;;;;;;;;;;;;;;;;;;;;;;;;;;;;;;;;;;;;;;;;;;;;;;;;;;;;;;;;;;;;;;;;;;;;;;;;;;;;;;;;;;;;;;;;;;;;;;;;;;;;;;;;;;;;;;;
义乌市玖鼎日用百货有限公司;https://shop1s9vj09420152.1688.com;1;1;https://detail.1688.com/offer/656192811304.html;;;;;;;;;;;;;;;;;;;;;;;;;;;;;;;;;;;;;;;;;;;;;;;;;;;;;;;;;;;;;;;;;;;;;;;;;;;;;;;;;;;;;;;;;;;;;;;;;;;;;;;;;;;;;;;;;;;;;;;;;;;;;;;;;;;;;;;;;;;;;;;;;;;;;;;;;;;;;;;;;;;;;;;;;;;;;;;;;;;;;;;;;;;;;;;;
深圳市创力能电源有限公司;https://shop1356715836711.1688.com;1;1;https://detail.1688.com/offer/596982921054.html;;;;;;;;;;;;;;;;;;;;;;;;;;;;;;;;;;;;;;;;;;;;;;;;;;;;;;;;;;;;;;;;;;;;;;;;;;;;;;;;;;;;;;;;;;;;;;;;;;;;;;;;;;;;;;;;;;;;;;;;;;;;;;;;;;;;;;;;;;;;;;;;;;;;;;;;;;;;;;;;;;;;;;;;;;;;;;;;;;;;;;;;;;;;;;;;
丹阳市界牌镇婷语堂家居用品厂;https://shop0d51m51d18835.1688.com;1;1;https://detail.1688.com/offer/655537899931.html;;;;;;;;;;;;;;;;;;;;;;;;;;;;;;;;;;;;;;;;;;;;;;;;;;;;;;;;;;;;;;;;;;;;;;;;;;;;;;;;;;;;;;;;;;;;;;;;;;;;;;;;;;;;;;;;;;;;;;;;;;;;;;;;;;;;;;;;;;;;;;;;;;;;;;;;;;;;;;;;;;;;;;;;;;;;;;;;;;;;;;;;;;;;;;;;
东莞市大朗诚恳毛织厂;https://shop8s4884zw22224.1688.com;1;1;https://detail.1688.com/offer/638890756386.html;;;;;;;;;;;;;;;;;;;;;;;;;;;;;;;;;;;;;;;;;;;;;;;;;;;;;;;;;;;;;;;;;;;;;;;;;;;;;;;;;;;;;;;;;;;;;;;;;;;;;;;;;;;;;;;;;;;;;;;;;;;;;;;;;;;;;;;;;;;;;;;;;;;;;;;;;;;;;;;;;;;;;;;;;;;;;;;;;;;;;;;;;;;;;;;;
东阳市明杨饰品有限公司;https://mingyangshipin.1688.com;1;15;https://detail.1688.com/offer/564341397649.html;;;;;;;;;;;;;;;;;;;;;;;;;;;;;;;;;;;;;;;;;;;;;;;;;;;;;;;;;;;;;;;;;;;;;;;;;;;;;;;;;;;;;;;;;;;;;;;;;;;;;;;;;;;;;;;;;;;;;;;;;;;;;;;;;;;;;;;;;;;;;;;;;;;;;;;;;;;;;;;;;;;;;;;;;;;;;;;;;;;;;;;;;;;;;;;;
东莞市初夏服饰有限公司;https://shop53814x8r33444.1688.com;1;15;https://detail.1688.com/offer/596849737788.html;;;;;;;;;;;;;;;;;;;;;;;;;;;;;;;;;;;;;;;;;;;;;;;;;;;;;;;;;;;;;;;;;;;;;;;;;;;;;;;;;;;;;;;;;;;;;;;;;;;;;;;;;;;;;;;;;;;;;;;;;;;;;;;;;;;;;;;;;;;;;;;;;;;;;;;;;;;;;;;;;;;;;;;;;;;;;;;;;;;;;;;;;;;;;;;;
义乌市千瑞饰品厂;https://shop19213699ssi09.1688.com;1;15;https://detail.1688.com/offer/606645588304.html;;;;;;;;;;;;;;;;;;;;;;;;;;;;;;;;;;;;;;;;;;;;;;;;;;;;;;;;;;;;;;;;;;;;;;;;;;;;;;;;;;;;;;;;;;;;;;;;;;;;;;;;;;;;;;;;;;;;;;;;;;;;;;;;;;;;;;;;;;;;;;;;;;;;;;;;;;;;;;;;;;;;;;;;;;;;;;;;;;;;;;;;;;;;;;;;
义乌市蒂娅电子商务有限公司;https://5968868.1688.com;1;15;https://detail.1688.com/offer/610097555108.html;;;;;;;;;;;;;;;;;;;;;;;;;;;;;;;;;;;;;;;;;;;;;;;;;;;;;;;;;;;;;;;;;;;;;;;;;;;;;;;;;;;;;;;;;;;;;;;;;;;;;;;;;;;;;;;;;;;;;;;;;;;;;;;;;;;;;;;;;;;;;;;;;;;;;;;;;;;;;;;;;;;;;;;;;;;;;;;;;;;;;;;;;;;;;;;;
新罗区佐遥广百货商行;https://shop2u139q93781q8.1688.com;1;15;https://detail.1688.com/offer/642069194742.html;;;;;;;;;;;;;;;;;;;;;;;;;;;;;;;;;;;;;;;;;;;;;;;;;;;;;;;;;;;;;;;;;;;;;;;;;;;;;;;;;;;;;;;;;;;;;;;;;;;;;;;;;;;;;;;;;;;;;;;;;;;;;;;;;;;;;;;;;;;;;;;;;;;;;;;;;;;;;;;;;;;;;;;;;;;;;;;;;;;;;;;;;;;;;;;;
永定区火忠箕网店;https://shop4m63158r02221.1688.com;1;15;https://detail.1688.com/offer/649758820135.html;;;;;;;;;;;;;;;;;;;;;;;;;;;;;;;;;;;;;;;;;;;;;;;;;;;;;;;;;;;;;;;;;;;;;;;;;;;;;;;;;;;;;;;;;;;;;;;;;;;;;;;;;;;;;;;;;;;;;;;;;;;;;;;;;;;;;;;;;;;;;;;;;;;;;;;;;;;;;;;;;;;;;;;;;;;;;;;;;;;;;;;;;;;;;;;;
义乌市闻弘贸易有限公司;https://yiwuwenhong.1688.com;1;15;https://detail.1688.com/offer/622589655996.html;;;;;;;;;;;;;;;;;;;;;;;;;;;;;;;;;;;;;;;;;;;;;;;;;;;;;;;;;;;;;;;;;;;;;;;;;;;;;;;;;;;;;;;;;;;;;;;;;;;;;;;;;;;;;;;;;;;;;;;;;;;;;;;;;;;;;;;;;;;;;;;;;;;;;;;;;;;;;;;;;;;;;;;;;;;;;;;;;;;;;;;;;;;;;;;;
石狮市扶摇云体网络箱包商行;https://shop2p3l961922106.1688.com;1;15;https://detail.1688.com/offer/655370173514.html;;;;;;;;;;;;;;;;;;;;;;;;;;;;;;;;;;;;;;;;;;;;;;;;;;;;;;;;;;;;;;;;;;;;;;;;;;;;;;;;;;;;;;;;;;;;;;;;;;;;;;;;;;;;;;;;;;;;;;;;;;;;;;;;;;;;;;;;;;;;;;;;;;;;;;;;;;;;;;;;;;;;;;;;;;;;;;;;;;;;;;;;;;;;;;;;
义乌市新冠饰品有限公司;https://shop8x3898583n648.1688.com;1;18;https://detail.1688.com/offer/617067694818.html;;;;;;;;;;;;;;;;;;;;;;;;;;;;;;;;;;;;;;;;;;;;;;;;;;;;;;;;;;;;;;;;;;;;;;;;;;;;;;;;;;;;;;;;;;;;;;;;;;;;;;;;;;;;;;;;;;;;;;;;;;;;;;;;;;;;;;;;;;;;;;;;;;;;;;;;;;;;;;;;;;;;;;;;;;;;;;;;;;;;;;;;;;;;;;;;
义乌市果冉饰品有限公司;https://shop6424503y21016.1688.com;1;25;https://detail.1688.com/offer/640646970079.html;;;;;;;;;;;;;;;;;;;;;;;;;;;;;;;;;;;;;;;;;;;;;;;;;;;;;;;;;;;;;;;;;;;;;;;;;;;;;;;;;;;;;;;;;;;;;;;;;;;;;;;;;;;;;;;;;;;;;;;;;;;;;;;;;;;;;;;;;;;;;;;;;;;;;;;;;;;;;;;;;;;;;;;;;;;;;;;;;;;;;;;;;;;;;;;;
义乌市素月饰品有限公司;https://shop2054x57j7i600.1688.com;1;25;https://detail.1688.com/offer/648639575941.html;;;;;;;;;;;;;;;;;;;;;;;;;;;;;;;;;;;;;;;;;;;;;;;;;;;;;;;;;;;;;;;;;;;;;;;;;;;;;;;;;;;;;;;;;;;;;;;;;;;;;;;;;;;;;;;;;;;;;;;;;;;;;;;;;;;;;;;;;;;;;;;;;;;;;;;;;;;;;;;;;;;;;;;;;;;;;;;;;;;;;;;;;;;;;;;;
义乌市武益锐电子商务商行;https://534410833.1688.com;1;31;https://detail.1688.com/offer/655079459871.html;;;;;;;;;;;;;;;;;;;;;;;;;;;;;;;;;;;;;;;;;;;;;;;;;;;;;;;;;;;;;;;;;;;;;;;;;;;;;;;;;;;;;;;;;;;;;;;;;;;;;;;;;;;;;;;;;;;;;;;;;;;;;;;;;;;;;;;;;;;;;;;;;;;;;;;;;;;;;;;;;;;;;;;;;;;;;;;;;;;;;;;;;;;;;;;;
东阳市酷米饰品有限公司;https://shop854833pw0p704.1688.com;1;31;https://detail.1688.com/offer/617111125421.html;;;;;;;;;;;;;;;;;;;;;;;;;;;;;;;;;;;;;;;;;;;;;;;;;;;;;;;;;;;;;;;;;;;;;;;;;;;;;;;;;;;;;;;;;;;;;;;;;;;;;;;;;;;;;;;;;;;;;;;;;;;;;;;;;;;;;;;;;;;;;;;;;;;;;;;;;;;;;;;;;;;;;;;;;;;;;;;;;;;;;;;;;;;;;;;;
义乌市晓通电子商务有限公司;https://shop3g2o09h083187.1688.com;1;31;https://detail.1688.com/offer/616778095221.html;;;;;;;;;;;;;;;;;;;;;;;;;;;;;;;;;;;;;;;;;;;;;;;;;;;;;;;;;;;;;;;;;;;;;;;;;;;;;;;;;;;;;;;;;;;;;;;;;;;;;;;;;;;;;;;;;;;;;;;;;;;;;;;;;;;;;;;;;;;;;;;;;;;;;;;;;;;;;;;;;;;;;;;;;;;;;;;;;;;;;;;;;;;;;;;;
义乌市国秀饰品厂;https://shop251xk022585r1.1688.com;1;31;https://detail.1688.com/offer/644305152102.html;;;;;;;;;;;;;;;;;;;;;;;;;;;;;;;;;;;;;;;;;;;;;;;;;;;;;;;;;;;;;;;;;;;;;;;;;;;;;;;;;;;;;;;;;;;;;;;;;;;;;;;;;;;;;;;;;;;;;;;;;;;;;;;;;;;;;;;;;;;;;;;;;;;;;;;;;;;;;;;;;;;;;;;;;;;;;;;;;;;;;;;;;;;;;;;;
义乌市汇友饰品有限公司;https://shop427q0900fp614.1688.com;1;33;https://detail.1688.com/offer/594965717913.html;;;;;;;;;;;;;;;;;;;;;;;;;;;;;;;;;;;;;;;;;;;;;;;;;;;;;;;;;;;;;;;;;;;;;;;;;;;;;;;;;;;;;;;;;;;;;;;;;;;;;;;;;;;;;;;;;;;;;;;;;;;;;;;;;;;;;;;;;;;;;;;;;;;;;;;;;;;;;;;;;;;;;;;;;;;;;;;;;;;;;;;;;;;;;;;;
义乌市曼康饰品厂;https://ywmkspc.1688.com;1;33;https://detail.1688.com/offer/619351509776.html;;;;;;;;;;;;;;;;;;;;;;;;;;;;;;;;;;;;;;;;;;;;;;;;;;;;;;;;;;;;;;;;;;;;;;;;;;;;;;;;;;;;;;;;;;;;;;;;;;;;;;;;;;;;;;;;;;;;;;;;;;;;;;;;;;;;;;;;;;;;;;;;;;;;;;;;;;;;;;;;;;;;;;;;;;;;;;;;;;;;;;;;;;;;;;;;
新罗区内萌谷百货店;https://shop3352a3a076a84.1688.com;1;33;https://detail.1688.com/offer/654717016216.html;;;;;;;;;;;;;;;;;;;;;;;;;;;;;;;;;;;;;;;;;;;;;;;;;;;;;;;;;;;;;;;;;;;;;;;;;;;;;;;;;;;;;;;;;;;;;;;;;;;;;;;;;;;;;;;;;;;;;;;;;;;;;;;;;;;;;;;;;;;;;;;;;;;;;;;;;;;;;;;;;;;;;;;;;;;;;;;;;;;;;;;;;;;;;;;;
广信区平辉饰品厂;https://shop6242kb3739755.1688.com;1;34;https://detail.1688.com/offer/618653133296.html;;;;;;;;;;;;;;;;;;;;;;;;;;;;;;;;;;;;;;;;;;;;;;;;;;;;;;;;;;;;;;;;;;;;;;;;;;;;;;;;;;;;;;;;;;;;;;;;;;;;;;;;;;;;;;;;;;;;;;;;;;;;;;;;;;;;;;;;;;;;;;;;;;;;;;;;;;;;;;;;;;;;;;;;;;;;;;;;;;;;;;;;;;;;;;;;
义乌市恩多饰品厂;https://enduojewelry.1688.com;1;35;https://detail.1688.com/offer/582586113548.html;;;;;;;;;;;;;;;;;;;;;;;;;;;;;;;;;;;;;;;;;;;;;;;;;;;;;;;;;;;;;;;;;;;;;;;;;;;;;;;;;;;;;;;;;;;;;;;;;;;;;;;;;;;;;;;;;;;;;;;;;;;;;;;;;;;;;;;;;;;;;;;;;;;;;;;;;;;;;;;;;;;;;;;;;;;;;;;;;;;;;;;;;;;;;;;;
义乌市娣科饰品有限公司;https://shop97n80x4277259.1688.com;1;36;https://detail.1688.com/offer/653549510991.html;;;;;;;;;;;;;;;;;;;;;;;;;;;;;;;;;;;;;;;;;;;;;;;;;;;;;;;;;;;;;;;;;;;;;;;;;;;;;;;;;;;;;;;;;;;;;;;;;;;;;;;;;;;;;;;;;;;;;;;;;;;;;;;;;;;;;;;;;;;;;;;;;;;;;;;;;;;;;;;;;;;;;;;;;;;;;;;;;;;;;;;;;;;;;;;;
义乌市维裕饰品有限公司;https://shop386o39f949157.1688.com;1;36;https://detail.1688.com/offer/576351376598.html;;;;;;;;;;;;;;;;;;;;;;;;;;;;;;;;;;;;;;;;;;;;;;;;;;;;;;;;;;;;;;;;;;;;;;;;;;;;;;;;;;;;;;;;;;;;;;;;;;;;;;;;;;;;;;;;;;;;;;;;;;;;;;;;;;;;;;;;;;;;;;;;;;;;;;;;;;;;;;;;;;;;;;;;;;;;;;;;;;;;;;;;;;;;;;;;
义乌市湛盎电子商务商行;https://shop325e311485358.1688.com;1;36;https://detail.1688.com/offer/654376549322.html;;;;;;;;;;;;;;;;;;;;;;;;;;;;;;;;;;;;;;;;;;;;;;;;;;;;;;;;;;;;;;;;;;;;;;;;;;;;;;;;;;;;;;;;;;;;;;;;;;;;;;;;;;;;;;;;;;;;;;;;;;;;;;;;;;;;;;;;;;;;;;;;;;;;;;;;;;;;;;;;;;;;;;;;;;;;;;;;;;;;;;;;;;;;;;;;
广州纳唯斯毛巾有限公司;https://nwstowel.1688.com;1;36;https://detail.1688.com/offer/637730293325.html;;;;;;;;;;;;;;;;;;;;;;;;;;;;;;;;;;;;;;;;;;;;;;;;;;;;;;;;;;;;;;;;;;;;;;;;;;;;;;;;;;;;;;;;;;;;;;;;;;;;;;;;;;;;;;;;;;;;;;;;;;;;;;;;;;;;;;;;;;;;;;;;;;;;;;;;;;;;;;;;;;;;;;;;;;;;;;;;;;;;;;;;;;;;;;;;
义乌市利瑆贸易有限公司;https://shop42s510676ys92.1688.com;1;38;https://detail.1688.com/offer/644576654592.html;;;;;;;;;;;;;;;;;;;;;;;;;;;;;;;;;;;;;;;;;;;;;;;;;;;;;;;;;;;;;;;;;;;;;;;;;;;;;;;;;;;;;;;;;;;;;;;;;;;;;;;;;;;;;;;;;;;;;;;;;;;;;;;;;;;;;;;;;;;;;;;;;;;;;;;;;;;;;;;;;;;;;;;;;;;;;;;;;;;;;;;;;;;;;;;;
深圳市卡利欧实业有限公司;https://kaliou666.1688.com;1;38;https://detail.1688.com/offer/583771460377.html;;;;;;;;;;;;;;;;;;;;;;;;;;;;;;;;;;;;;;;;;;;;;;;;;;;;;;;;;;;;;;;;;;;;;;;;;;;;;;;;;;;;;;;;;;;;;;;;;;;;;;;;;;;;;;;;;;;;;;;;;;;;;;;;;;;;;;;;;;;;;;;;;;;;;;;;;;;;;;;;;;;;;;;;;;;;;;;;;;;;;;;;;;;;;;;;
深圳市全民盛电子有限公司;https://shop1453394341426.1688.com;1;38;https://detail.1688.com/offer/654110434036.html;;;;;;;;;;;;;;;;;;;;;;;;;;;;;;;;;;;;;;;;;;;;;;;;;;;;;;;;;;;;;;;;;;;;;;;;;;;;;;;;;;;;;;;;;;;;;;;;;;;;;;;;;;;;;;;;;;;;;;;;;;;;;;;;;;;;;;;;;;;;;;;;;;;;;;;;;;;;;;;;;;;;;;;;;;;;;;;;;;;;;;;;;;;;;;;;
深圳市福田区科尔温电子科技经营部;https://shop7788o2x583h91.1688.com;1;38;https://detail.1688.com/offer/568737510246.html;;;;;;;;;;;;;;;;;;;;;;;;;;;;;;;;;;;;;;;;;;;;;;;;;;;;;;;;;;;;;;;;;;;;;;;;;;;;;;;;;;;;;;;;;;;;;;;;;;;;;;;;;;;;;;;;;;;;;;;;;;;;;;;;;;;;;;;;;;;;;;;;;;;;;;;;;;;;;;;;;;;;;;;;;;;;;;;;;;;;;;;;;;;;;;;;
温州精诚饰品有限公司;https://oldblo.1688.com;1;38;https://detail.1688.com/offer/625338558971.html;;;;;;;;;;;;;;;;;;;;;;;;;;;;;;;;;;;;;;;;;;;;;;;;;;;;;;;;;;;;;;;;;;;;;;;;;;;;;;;;;;;;;;;;;;;;;;;;;;;;;;;;;;;;;;;;;;;;;;;;;;;;;;;;;;;;;;;;;;;;;;;;;;;;;;;;;;;;;;;;;;;;;;;;;;;;;;;;;;;;;;;;;;;;;;;;
宁波市镇海区骆驼卡利鸥五金厂;https://shop2107i82006043.1688.com;1;38;https://detail.1688.com/offer/558796588576.html;;;;;;;;;;;;;;;;;;;;;;;;;;;;;;;;;;;;;;;;;;;;;;;;;;;;;;;;;;;;;;;;;;;;;;;;;;;;;;;;;;;;;;;;;;;;;;;;;;;;;;;;;;;;;;;;;;;;;;;;;;;;;;;;;;;;;;;;;;;;;;;;;;;;;;;;;;;;;;;;;;;;;;;;;;;;;;;;;;;;;;;;;;;;;;;;
义乌市俊点饰品配件商行;https://jundian1314.1688.com;1;38;https://detail.1688.com/offer/616495850979.html;;;;;;;;;;;;;;;;;;;;;;;;;;;;;;;;;;;;;;;;;;;;;;;;;;;;;;;;;;;;;;;;;;;;;;;;;;;;;;;;;;;;;;;;;;;;;;;;;;;;;;;;;;;;;;;;;;;;;;;;;;;;;;;;;;;;;;;;;;;;;;;;;;;;;;;;;;;;;;;;;;;;;;;;;;;;;;;;;;;;;;;;;;;;;;;;
深圳市宝安区富帧贸易商行;https://shop41vu01q312132.1688.com;1;38;https://detail.1688.com/offer/653484374458.html;;;;;;;;;;;;;;;;;;;;;;;;;;;;;;;;;;;;;;;;;;;;;;;;;;;;;;;;;;;;;;;;;;;;;;;;;;;;;;;;;;;;;;;;;;;;;;;;;;;;;;;;;;;;;;;;;;;;;;;;;;;;;;;;;;;;;;;;;;;;;;;;;;;;;;;;;;;;;;;;;;;;;;;;;;;;;;;;;;;;;;;;;;;;;;;;
义乌市缕莉电子商务商行;https://lvli2015.1688.com;1;38;https://detail.1688.com/offer/616241877928.html;;;;;;;;;;;;;;;;;;;;;;;;;;;;;;;;;;;;;;;;;;;;;;;;;;;;;;;;;;;;;;;;;;;;;;;;;;;;;;;;;;;;;;;;;;;;;;;;;;;;;;;;;;;;;;;;;;;;;;;;;;;;;;;;;;;;;;;;;;;;;;;;;;;;;;;;;;;;;;;;;;;;;;;;;;;;;;;;;;;;;;;;;;;;;;;;
义乌市萌昕饰品厂;https://shop72553v792v584.1688.com;1;38;https://detail.1688.com/offer/619415107188.html;;;;;;;;;;;;;;;;;;;;;;;;;;;;;;;;;;;;;;;;;;;;;;;;;;;;;;;;;;;;;;;;;;;;;;;;;;;;;;;;;;;;;;;;;;;;;;;;;;;;;;;;;;;;;;;;;;;;;;;;;;;;;;;;;;;;;;;;;;;;;;;;;;;;;;;;;;;;;;;;;;;;;;;;;;;;;;;;;;;;;;;;;;;;;;;;
深圳市卡维美科技有限公司;https://kawmei.1688.com;1;38;https://detail.1688.com/offer/636961793646.html;;;;;;;;;;;;;;;;;;;;;;;;;;;;;;;;;;;;;;;;;;;;;;;;;;;;;;;;;;;;;;;;;;;;;;;;;;;;;;;;;;;;;;;;;;;;;;;;;;;;;;;;;;;;;;;;;;;;;;;;;;;;;;;;;;;;;;;;;;;;;;;;;;;;;;;;;;;;;;;;;;;;;;;;;;;;;;;;;;;;;;;;;;;;;;;;
汕头市澄海区晨田电子配件厂;https://shop52022141m67i4.1688.com;1;38;https://detail.1688.com/offer/623212083491.html;;;;;;;;;;;;;;;;;;;;;;;;;;;;;;;;;;;;;;;;;;;;;;;;;;;;;;;;;;;;;;;;;;;;;;;;;;;;;;;;;;;;;;;;;;;;;;;;;;;;;;;;;;;;;;;;;;;;;;;;;;;;;;;;;;;;;;;;;;;;;;;;;;;;;;;;;;;;;;;;;;;;;;;;;;;;;;;;;;;;;;;;;;;;;;;;
义乌市来茂饰品有限公司;https://laimaoshipin.1688.com;1;41;https://detail.1688.com/offer/651417810004.html;;;;;;;;;;;;;;;;;;;;;;;;;;;;;;;;;;;;;;;;;;;;;;;;;;;;;;;;;;;;;;;;;;;;;;;;;;;;;;;;;;;;;;;;;;;;;;;;;;;;;;;;;;;;;;;;;;;;;;;;;;;;;;;;;;;;;;;;;;;;;;;;;;;;;;;;;;;;;;;;;;;;;;;;;;;;;;;;;;;;;;;;;;;;;;;;
金华市金东区唯尚饰品加工厂;https://weishanger.1688.com;1;42;https://detail.1688.com/offer/528988612882.html;;;;;;;;;;;;;;;;;;;;;;;;;;;;;;;;;;;;;;;;;;;;;;;;;;;;;;;;;;;;;;;;;;;;;;;;;;;;;;;;;;;;;;;;;;;;;;;;;;;;;;;;;;;;;;;;;;;;;;;;;;;;;;;;;;;;;;;;;;;;;;;;;;;;;;;;;;;;;;;;;;;;;;;;;;;;;;;;;;;;;;;;;;;;;;;;
义乌市侣丹饰品有限公司;https://shop1466096480164.1688.com;1;42;https://detail.1688.com/offer/534412004115.html;;;;;;;;;;;;;;;;;;;;;;;;;;;;;;;;;;;;;;;;;;;;;;;;;;;;;;;;;;;;;;;;;;;;;;;;;;;;;;;;;;;;;;;;;;;;;;;;;;;;;;;;;;;;;;;;;;;;;;;;;;;;;;;;;;;;;;;;;;;;;;;;;;;;;;;;;;;;;;;;;;;;;;;;;;;;;;;;;;;;;;;;;;;;;;;;
义乌市安迎贸易有限公司;https://anyingshipin.1688.com;1;43;https://detail.1688.com/offer/624227651824.html;;;;;;;;;;;;;;;;;;;;;;;;;;;;;;;;;;;;;;;;;;;;;;;;;;;;;;;;;;;;;;;;;;;;;;;;;;;;;;;;;;;;;;;;;;;;;;;;;;;;;;;;;;;;;;;;;;;;;;;;;;;;;;;;;;;;;;;;;;;;;;;;;;;;;;;;;;;;;;;;;;;;;;;;;;;;;;;;;;;;;;;;;;;;;;;;
义乌市簪珏饰品有限公司;https://shop02864z96p8301.1688.com;1;43;https://detail.1688.com/offer/623087160211.html;;;;;;;;;;;;;;;;;;;;;;;;;;;;;;;;;;;;;;;;;;;;;;;;;;;;;;;;;;;;;;;;;;;;;;;;;;;;;;;;;;;;;;;;;;;;;;;;;;;;;;;;;;;;;;;;;;;;;;;;;;;;;;;;;;;;;;;;;;;;;;;;;;;;;;;;;;;;;;;;;;;;;;;;;;;;;;;;;;;;;;;;;;;;;;;;
义乌市炜翼饰品有限公司;https://shop595965s65u216.1688.com;1;43;https://detail.1688.com/offer/610696623020.html;;;;;;;;;;;;;;;;;;;;;;;;;;;;;;;;;;;;;;;;;;;;;;;;;;;;;;;;;;;;;;;;;;;;;;;;;;;;;;;;;;;;;;;;;;;;;;;;;;;;;;;;;;;;;;;;;;;;;;;;;;;;;;;;;;;;;;;;;;;;;;;;;;;;;;;;;;;;;;;;;;;;;;;;;;;;;;;;;;;;;;;;;;;;;;;;
义乌市联洲进出口有限公司;https://ywlz2008.1688.com;1;44;https://detail.1688.com/offer/645312681883.html;;;;;;;;;;;;;;;;;;;;;;;;;;;;;;;;;;;;;;;;;;;;;;;;;;;;;;;;;;;;;;;;;;;;;;;;;;;;;;;;;;;;;;;;;;;;;;;;;;;;;;;;;;;;;;;;;;;;;;;;;;;;;;;;;;;;;;;;;;;;;;;;;;;;;;;;;;;;;;;;;;;;;;;;;;;;;;;;;;;;;;;;;;;;;;;;
义乌市雨灵服饰有限公司;https://shop81093x034i7p3.1688.com;1;44;https://detail.1688.com/offer/642794246385.html;;;;;;;;;;;;;;;;;;;;;;;;;;;;;;;;;;;;;;;;;;;;;;;;;;;;;;;;;;;;;;;;;;;;;;;;;;;;;;;;;;;;;;;;;;;;;;;;;;;;;;;;;;;;;;;;;;;;;;;;;;;;;;;;;;;;;;;;;;;;;;;;;;;;;;;;;;;;;;;;;;;;;;;;;;;;;;;;;;;;;;;;;;;;;;;;
台州市腾视贸易有限公司;https://tengshiyj.1688.com;1;45;https://detail.1688.com/offer/645025061456.html;;;;;;;;;;;;;;;;;;;;;;;;;;;;;;;;;;;;;;;;;;;;;;;;;;;;;;;;;;;;;;;;;;;;;;;;;;;;;;;;;;;;;;;;;;;;;;;;;;;;;;;;;;;;;;;;;;;;;;;;;;;;;;;;;;;;;;;;;;;;;;;;;;;;;;;;;;;;;;;;;;;;;;;;;;;;;;;;;;;;;;;;;;;;;;;;
临海市普琳丝眼镜有限公司;https://plinth.1688.com;1;45;https://detail.1688.com/offer/579563700270.html;;;;;;;;;;;;;;;;;;;;;;;;;;;;;;;;;;;;;;;;;;;;;;;;;;;;;;;;;;;;;;;;;;;;;;;;;;;;;;;;;;;;;;;;;;;;;;;;;;;;;;;;;;;;;;;;;;;;;;;;;;;;;;;;;;;;;;;;;;;;;;;;;;;;;;;;;;;;;;;;;;;;;;;;;;;;;;;;;;;;;;;;;;;;;;;;
临海市致恒贸易有限公司;https://lhzhmy.1688.com;1;45;https://detail.1688.com/offer/543626125008.html;;;;;;;;;;;;;;;;;;;;;;;;;;;;;;;;;;;;;;;;;;;;;;;;;;;;;;;;;;;;;;;;;;;;;;;;;;;;;;;;;;;;;;;;;;;;;;;;;;;;;;;;;;;;;;;;;;;;;;;;;;;;;;;;;;;;;;;;;;;;;;;;;;;;;;;;;;;;;;;;;;;;;;;;;;;;;;;;;;;;;;;;;;;;;;;;
临海市珂盾眼镜有限公司;https://curtainyj.1688.com;1;45;https://detail.1688.com/offer/563571091479.html;;;;;;;;;;;;;;;;;;;;;;;;;;;;;;;;;;;;;;;;;;;;;;;;;;;;;;;;;;;;;;;;;;;;;;;;;;;;;;;;;;;;;;;;;;;;;;;;;;;;;;;;;;;;;;;;;;;;;;;;;;;;;;;;;;;;;;;;;;;;;;;;;;;;;;;;;;;;;;;;;;;;;;;;;;;;;;;;;;;;;;;;;;;;;;;;
义乌市佰銮电子商务有限公司;https://blglasses.1688.com;1;45;https://detail.1688.com/offer/637143607163.html;;;;;;;;;;;;;;;;;;;;;;;;;;;;;;;;;;;;;;;;;;;;;;;;;;;;;;;;;;;;;;;;;;;;;;;;;;;;;;;;;;;;;;;;;;;;;;;;;;;;;;;;;;;;;;;;;;;;;;;;;;;;;;;;;;;;;;;;;;;;;;;;;;;;;;;;;;;;;;;;;;;;;;;;;;;;;;;;;;;;;;;;;;;;;;;;
台州市巴克利眼镜有限公司;https://bakeliyj.1688.com;1;45;https://detail.1688.com/offer/599624017700.html;;;;;;;;;;;;;;;;;;;;;;;;;;;;;;;;;;;;;;;;;;;;;;;;;;;;;;;;;;;;;;;;;;;;;;;;;;;;;;;;;;;;;;;;;;;;;;;;;;;;;;;;;;;;;;;;;;;;;;;;;;;;;;;;;;;;;;;;;;;;;;;;;;;;;;;;;;;;;;;;;;;;;;;;;;;;;;;;;;;;;;;;;;;;;;;;
台州凯然眼镜有限公司;https://kairanglassess.1688.com;1;45;https://detail.1688.com/offer/553835821610.html;;;;;;;;;;;;;;;;;;;;;;;;;;;;;;;;;;;;;;;;;;;;;;;;;;;;;;;;;;;;;;;;;;;;;;;;;;;;;;;;;;;;;;;;;;;;;;;;;;;;;;;;;;;;;;;;;;;;;;;;;;;;;;;;;;;;;;;;;;;;;;;;;;;;;;;;;;;;;;;;;;;;;;;;;;;;;;;;;;;;;;;;;;;;;;;;
义乌市鑫怡贸易有限公司;https://shop738119903o061.1688.com;1;45;https://detail.1688.com/offer/635607118205.html;;;;;;;;;;;;;;;;;;;;;;;;;;;;;;;;;;;;;;;;;;;;;;;;;;;;;;;;;;;;;;;;;;;;;;;;;;;;;;;;;;;;;;;;;;;;;;;;;;;;;;;;;;;;;;;;;;;;;;;;;;;;;;;;;;;;;;;;;;;;;;;;;;;;;;;;;;;;;;;;;;;;;;;;;;;;;;;;;;;;;;;;;;;;;;;;
台州市椒江铭达眼镜厂;https://shop14249q010b501.1688.com;1;45;https://detail.1688.com/offer/653304334153.html;;;;;;;;;;;;;;;;;;;;;;;;;;;;;;;;;;;;;;;;;;;;;;;;;;;;;;;;;;;;;;;;;;;;;;;;;;;;;;;;;;;;;;;;;;;;;;;;;;;;;;;;;;;;;;;;;;;;;;;;;;;;;;;;;;;;;;;;;;;;;;;;;;;;;;;;;;;;;;;;;;;;;;;;;;;;;;;;;;;;;;;;;;;;;;;;
临海市锦翔贸易商行;https://jx688688.1688.com;1;45;https://detail.1688.com/offer/603505407504.html;;;;;;;;;;;;;;;;;;;;;;;;;;;;;;;;;;;;;;;;;;;;;;;;;;;;;;;;;;;;;;;;;;;;;;;;;;;;;;;;;;;;;;;;;;;;;;;;;;;;;;;;;;;;;;;;;;;;;;;;;;;;;;;;;;;;;;;;;;;;;;;;;;;;;;;;;;;;;;;;;;;;;;;;;;;;;;;;;;;;;;;;;;;;;;;;
临海市登士高眼镜厂;https://shop8x4024628l9e7.1688.com;1;45;https://detail.1688.com/offer/636185897067.html;;;;;;;;;;;;;;;;;;;;;;;;;;;;;;;;;;;;;;;;;;;;;;;;;;;;;;;;;;;;;;;;;;;;;;;;;;;;;;;;;;;;;;;;;;;;;;;;;;;;;;;;;;;;;;;;;;;;;;;;;;;;;;;;;;;;;;;;;;;;;;;;;;;;;;;;;;;;;;;;;;;;;;;;;;;;;;;;;;;;;;;;;;;;;;;;
台州市杜驰眼镜有限公司;https://shop1432573174867.1688.com;1;45;https://detail.1688.com/offer/649604017138.html;;;;;;;;;;;;;;;;;;;;;;;;;;;;;;;;;;;;;;;;;;;;;;;;;;;;;;;;;;;;;;;;;;;;;;;;;;;;;;;;;;;;;;;;;;;;;;;;;;;;;;;;;;;;;;;;;;;;;;;;;;;;;;;;;;;;;;;;;;;;;;;;;;;;;;;;;;;;;;;;;;;;;;;;;;;;;;;;;;;;;;;;;;;;;;;;
台州捷创眼镜科技有限公司;https://shop0296069798v50.1688.com;1;45;https://detail.1688.com/offer/637043666707.html;;;;;;;;;;;;;;;;;;;;;;;;;;;;;;;;;;;;;;;;;;;;;;;;;;;;;;;;;;;;;;;;;;;;;;;;;;;;;;;;;;;;;;;;;;;;;;;;;;;;;;;;;;;;;;;;;;;;;;;;;;;;;;;;;;;;;;;;;;;;;;;;;;;;;;;;;;;;;;;;;;;;;;;;;;;;;;;;;;;;;;;;;;;;;;;;
台州市唯伊眼镜有限公司;https://shop488980ncf2445.1688.com;1;45;https://detail.1688.com/offer/651345483142.html;;;;;;;;;;;;;;;;;;;;;;;;;;;;;;;;;;;;;;;;;;;;;;;;;;;;;;;;;;;;;;;;;;;;;;;;;;;;;;;;;;;;;;;;;;;;;;;;;;;;;;;;;;;;;;;;;;;;;;;;;;;;;;;;;;;;;;;;;;;;;;;;;;;;;;;;;;;;;;;;;;;;;;;;;;;;;;;;;;;;;;;;;;;;;;;;
台州市卓唯眼镜有限公司;https://zowiesunglasses.1688.com;1;45;https://detail.1688.com/offer/631557142547.html;;;;;;;;;;;;;;;;;;;;;;;;;;;;;;;;;;;;;;;;;;;;;;;;;;;;;;;;;;;;;;;;;;;;;;;;;;;;;;;;;;;;;;;;;;;;;;;;;;;;;;;;;;;;;;;;;;;;;;;;;;;;;;;;;;;;;;;;;;;;;;;;;;;;;;;;;;;;;;;;;;;;;;;;;;;;;;;;;;;;;;;;;;;;;;;;
临海市李安平眼镜商行;https://shop1386089778905.1688.com;1;45;https://detail.1688.com/offer/586556584531.html;;;;;;;;;;;;;;;;;;;;;;;;;;;;;;;;;;;;;;;;;;;;;;;;;;;;;;;;;;;;;;;;;;;;;;;;;;;;;;;;;;;;;;;;;;;;;;;;;;;;;;;;;;;;;;;;;;;;;;;;;;;;;;;;;;;;;;;;;;;;;;;;;;;;;;;;;;;;;;;;;;;;;;;;;;;;;;;;;;;;;;;;;;;;;;;;
临海市奕飞眼镜厂;https://shop71064d33q06q7.1688.com;1;45;https://detail.1688.com/offer/565431738440.html;;;;;;;;;;;;;;;;;;;;;;;;;;;;;;;;;;;;;;;;;;;;;;;;;;;;;;;;;;;;;;;;;;;;;;;;;;;;;;;;;;;;;;;;;;;;;;;;;;;;;;;;;;;;;;;;;;;;;;;;;;;;;;;;;;;;;;;;;;;;;;;;;;;;;;;;;;;;;;;;;;;;;;;;;;;;;;;;;;;;;;;;;;;;;;;;
临海市怡悦眼镜有限公司;https://shop1488184831327.1688.com;1;45;https://detail.1688.com/offer/548287510098.html;;;;;;;;;;;;;;;;;;;;;;;;;;;;;;;;;;;;;;;;;;;;;;;;;;;;;;;;;;;;;;;;;;;;;;;;;;;;;;;;;;;;;;;;;;;;;;;;;;;;;;;;;;;;;;;;;;;;;;;;;;;;;;;;;;;;;;;;;;;;;;;;;;;;;;;;;;;;;;;;;;;;;;;;;;;;;;;;;;;;;;;;;;;;;;;;
临海市闲云眼镜有限公司;https://shop774681oo64857.1688.com;1;45;https://detail.1688.com/offer/565109250888.html;;;;;;;;;;;;;;;;;;;;;;;;;;;;;;;;;;;;;;;;;;;;;;;;;;;;;;;;;;;;;;;;;;;;;;;;;;;;;;;;;;;;;;;;;;;;;;;;;;;;;;;;;;;;;;;;;;;;;;;;;;;;;;;;;;;;;;;;;;;;;;;;;;;;;;;;;;;;;;;;;;;;;;;;;;;;;;;;;;;;;;;;;;;;;;;;
临海市漫格眼镜商行;https://shop2993276240e62.1688.com;1;45;https://detail.1688.com/offer/641537611427.html;;;;;;;;;;;;;;;;;;;;;;;;;;;;;;;;;;;;;;;;;;;;;;;;;;;;;;;;;;;;;;;;;;;;;;;;;;;;;;;;;;;;;;;;;;;;;;;;;;;;;;;;;;;;;;;;;;;;;;;;;;;;;;;;;;;;;;;;;;;;;;;;;;;;;;;;;;;;;;;;;;;;;;;;;;;;;;;;;;;;;;;;;;;;;;;;
义乌市高代电子商务商行;https://gk1886.1688.com;1;45;https://detail.1688.com/offer/643124283314.html;;;;;;;;;;;;;;;;;;;;;;;;;;;;;;;;;;;;;;;;;;;;;;;;;;;;;;;;;;;;;;;;;;;;;;;;;;;;;;;;;;;;;;;;;;;;;;;;;;;;;;;;;;;;;;;;;;;;;;;;;;;;;;;;;;;;;;;;;;;;;;;;;;;;;;;;;;;;;;;;;;;;;;;;;;;;;;;;;;;;;;;;;;;;;;;;
台州市银进眼镜有限公司;https://yjglasses.1688.com;1;45;https://detail.1688.com/offer/601071993936.html;;;;;;;;;;;;;;;;;;;;;;;;;;;;;;;;;;;;;;;;;;;;;;;;;;;;;;;;;;;;;;;;;;;;;;;;;;;;;;;;;;;;;;;;;;;;;;;;;;;;;;;;;;;;;;;;;;;;;;;;;;;;;;;;;;;;;;;;;;;;;;;;;;;;;;;;;;;;;;;;;;;;;;;;;;;;;;;;;;;;;;;;;;;;;;;;
义乌市森态眼镜有限公司;https://sentaiwooden.1688.com;1;45;https://detail.1688.com/offer/600091083451.html;;;;;;;;;;;;;;;;;;;;;;;;;;;;;;;;;;;;;;;;;;;;;;;;;;;;;;;;;;;;;;;;;;;;;;;;;;;;;;;;;;;;;;;;;;;;;;;;;;;;;;;;;;;;;;;;;;;;;;;;;;;;;;;;;;;;;;;;;;;;;;;;;;;;;;;;;;;;;;;;;;;;;;;;;;;;;;;;;;;;;;;;;;;;;;;;
临海市诺诺眼镜商行;https://lhnuonuo.1688.com;1;45;https://detail.1688.com/offer/595962188514.html;;;;;;;;;;;;;;;;;;;;;;;;;;;;;;;;;;;;;;;;;;;;;;;;;;;;;;;;;;;;;;;;;;;;;;;;;;;;;;;;;;;;;;;;;;;;;;;;;;;;;;;;;;;;;;;;;;;;;;;;;;;;;;;;;;;;;;;;;;;;;;;;;;;;;;;;;;;;;;;;;;;;;;;;;;;;;;;;;;;;;;;;;;;;;;;;
台州领尚眼镜有限公司;https://lingshangglasses.1688.com;1;45;https://detail.1688.com/offer/536927250027.html;;;;;;;;;;;;;;;;;;;;;;;;;;;;;;;;;;;;;;;;;;;;;;;;;;;;;;;;;;;;;;;;;;;;;;;;;;;;;;;;;;;;;;;;;;;;;;;;;;;;;;;;;;;;;;;;;;;;;;;;;;;;;;;;;;;;;;;;;;;;;;;;;;;;;;;;;;;;;;;;;;;;;;;;;;;;;;;;;;;;;;;;;;;;;;;;
义乌市辉胜饰品有限公司;https://shop4224l17j65n77.1688.com;1;45;https://detail.1688.com/offer/641641497881.html;;;;;;;;;;;;;;;;;;;;;;;;;;;;;;;;;;;;;;;;;;;;;;;;;;;;;;;;;;;;;;;;;;;;;;;;;;;;;;;;;;;;;;;;;;;;;;;;;;;;;;;;;;;;;;;;;;;;;;;;;;;;;;;;;;;;;;;;;;;;;;;;;;;;;;;;;;;;;;;;;;;;;;;;;;;;;;;;;;;;;;;;;;;;;;;;
台州卡逸眼镜有限公司;https://kayieyewear.1688.com;1;45;https://detail.1688.com/offer/629323494442.html;;;;;;;;;;;;;;;;;;;;;;;;;;;;;;;;;;;;;;;;;;;;;;;;;;;;;;;;;;;;;;;;;;;;;;;;;;;;;;;;;;;;;;;;;;;;;;;;;;;;;;;;;;;;;;;;;;;;;;;;;;;;;;;;;;;;;;;;;;;;;;;;;;;;;;;;;;;;;;;;;;;;;;;;;;;;;;;;;;;;;;;;;;;;;;;;
科瑞斯(广州)信息科技有限公司;https://yisoda.1688.com;1;45;https://detail.1688.com/offer/649896290852.html;;;;;;;;;;;;;;;;;;;;;;;;;;;;;;;;;;;;;;;;;;;;;;;;;;;;;;;;;;;;;;;;;;;;;;;;;;;;;;;;;;;;;;;;;;;;;;;;;;;;;;;;;;;;;;;;;;;;;;;;;;;;;;;;;;;;;;;;;;;;;;;;;;;;;;;;;;;;;;;;;;;;;;;;;;;;;;;;;;;;;;;;;;;;;;;;
台州市超梦眼镜有限公司;https://shop1464869684407.1688.com;1;45;https://detail.1688.com/offer/594261595590.html;;;;;;;;;;;;;;;;;;;;;;;;;;;;;;;;;;;;;;;;;;;;;;;;;;;;;;;;;;;;;;;;;;;;;;;;;;;;;;;;;;;;;;;;;;;;;;;;;;;;;;;;;;;;;;;;;;;;;;;;;;;;;;;;;;;;;;;;;;;;;;;;;;;;;;;;;;;;;;;;;;;;;;;;;;;;;;;;;;;;;;;;;;;;;;;;
临海市创科眼镜有限公司;https://chuangkeglassess.1688.com;1;45;https://detail.1688.com/offer/610967619912.html;;;;;;;;;;;;;;;;;;;;;;;;;;;;;;;;;;;;;;;;;;;;;;;;;;;;;;;;;;;;;;;;;;;;;;;;;;;;;;;;;;;;;;;;;;;;;;;;;;;;;;;;;;;;;;;;;;;;;;;;;;;;;;;;;;;;;;;;;;;;;;;;;;;;;;;;;;;;;;;;;;;;;;;;;;;;;;;;;;;;;;;;;;;;;;;;
临海市锦丘眼镜厂;https://shop37228105103y5.1688.com;1;45;https://detail.1688.com/offer/641015128583.html;;;;;;;;;;;;;;;;;;;;;;;;;;;;;;;;;;;;;;;;;;;;;;;;;;;;;;;;;;;;;;;;;;;;;;;;;;;;;;;;;;;;;;;;;;;;;;;;;;;;;;;;;;;;;;;;;;;;;;;;;;;;;;;;;;;;;;;;;;;;;;;;;;;;;;;;;;;;;;;;;;;;;;;;;;;;;;;;;;;;;;;;;;;;;;;;
临海市王以满眼镜有限公司;https://shop3f32111l19831.1688.com;1;45;https://detail.1688.com/offer/609727844420.html;;;;;;;;;;;;;;;;;;;;;;;;;;;;;;;;;;;;;;;;;;;;;;;;;;;;;;;;;;;;;;;;;;;;;;;;;;;;;;;;;;;;;;;;;;;;;;;;;;;;;;;;;;;;;;;;;;;;;;;;;;;;;;;;;;;;;;;;;;;;;;;;;;;;;;;;;;;;;;;;;;;;;;;;;;;;;;;;;;;;;;;;;;;;;;;;
临海市昊尔贸易商行;https://shop2157162745619.1688.com;1;45;https://detail.1688.com/offer/649699332674.html;;;;;;;;;;;;;;;;;;;;;;;;;;;;;;;;;;;;;;;;;;;;;;;;;;;;;;;;;;;;;;;;;;;;;;;;;;;;;;;;;;;;;;;;;;;;;;;;;;;;;;;;;;;;;;;;;;;;;;;;;;;;;;;;;;;;;;;;;;;;;;;;;;;;;;;;;;;;;;;;;;;;;;;;;;;;;;;;;;;;;;;;;;;;;;;;
临海市鼎峰眼镜配件厂;https://tzdfyj.1688.com;1;45;https://detail.1688.com/offer/597446142259.html;;;;;;;;;;;;;;;;;;;;;;;;;;;;;;;;;;;;;;;;;;;;;;;;;;;;;;;;;;;;;;;;;;;;;;;;;;;;;;;;;;;;;;;;;;;;;;;;;;;;;;;;;;;;;;;;;;;;;;;;;;;;;;;;;;;;;;;;;;;;;;;;;;;;;;;;;;;;;;;;;;;;;;;;;;;;;;;;;;;;;;;;;;;;;;;;
台州市孔明眼镜有限公司;https://shop520l25817y584.1688.com;1;45;https://detail.1688.com/offer/633357185578.html;;;;;;;;;;;;;;;;;;;;;;;;;;;;;;;;;;;;;;;;;;;;;;;;;;;;;;;;;;;;;;;;;;;;;;;;;;;;;;;;;;;;;;;;;;;;;;;;;;;;;;;;;;;;;;;;;;;;;;;;;;;;;;;;;;;;;;;;;;;;;;;;;;;;;;;;;;;;;;;;;;;;;;;;;;;;;;;;;;;;;;;;;;;;;;;;
临海市嘉汇贸易有限公司;https://jiahuimaoyi.1688.com;1;45;https://detail.1688.com/offer/45418520189.html;;;;;;;;;;;;;;;;;;;;;;;;;;;;;;;;;;;;;;;;;;;;;;;;;;;;;;;;;;;;;;;;;;;;;;;;;;;;;;;;;;;;;;;;;;;;;;;;;;;;;;;;;;;;;;;;;;;;;;;;;;;;;;;;;;;;;;;;;;;;;;;;;;;;;;;;;;;;;;;;;;;;;;;;;;;;;;;;;;;;;;;;;;;;;;;;
义乌市富到电子商务商行;https://shop4393886b82d22.1688.com;1;45;https://detail.1688.com/offer/655519903279.html;;;;;;;;;;;;;;;;;;;;;;;;;;;;;;;;;;;;;;;;;;;;;;;;;;;;;;;;;;;;;;;;;;;;;;;;;;;;;;;;;;;;;;;;;;;;;;;;;;;;;;;;;;;;;;;;;;;;;;;;;;;;;;;;;;;;;;;;;;;;;;;;;;;;;;;;;;;;;;;;;;;;;;;;;;;;;;;;;;;;;;;;;;;;;;;;
台州市缔一眼镜科技有限公司;https://shop227777k82si99.1688.com;1;45;https://detail.1688.com/offer/655750694417.html;;;;;;;;;;;;;;;;;;;;;;;;;;;;;;;;;;;;;;;;;;;;;;;;;;;;;;;;;;;;;;;;;;;;;;;;;;;;;;;;;;;;;;;;;;;;;;;;;;;;;;;;;;;;;;;;;;;;;;;;;;;;;;;;;;;;;;;;;;;;;;;;;;;;;;;;;;;;;;;;;;;;;;;;;;;;;;;;;;;;;;;;;;;;;;;;
台州市万里眼镜有限公司;https://shop1457024712131.1688.com;1;45;https://detail.1688.com/offer/562703377413.html;;;;;;;;;;;;;;;;;;;;;;;;;;;;;;;;;;;;;;;;;;;;;;;;;;;;;;;;;;;;;;;;;;;;;;;;;;;;;;;;;;;;;;;;;;;;;;;;;;;;;;;;;;;;;;;;;;;;;;;;;;;;;;;;;;;;;;;;;;;;;;;;;;;;;;;;;;;;;;;;;;;;;;;;;;;;;;;;;;;;;;;;;;;;;;;;
温州国昇贸易有限公司;https://shop1b9l5p5554327.1688.com;1;45;https://detail.1688.com/offer/640684577744.html;;;;;;;;;;;;;;;;;;;;;;;;;;;;;;;;;;;;;;;;;;;;;;;;;;;;;;;;;;;;;;;;;;;;;;;;;;;;;;;;;;;;;;;;;;;;;;;;;;;;;;;;;;;;;;;;;;;;;;;;;;;;;;;;;;;;;;;;;;;;;;;;;;;;;;;;;;;;;;;;;;;;;;;;;;;;;;;;;;;;;;;;;;;;;;;;
温州市成业眼镜有限公司;https://cyoptical.1688.com;1;45;https://detail.1688.com/offer/641768528290.html;;;;;;;;;;;;;;;;;;;;;;;;;;;;;;;;;;;;;;;;;;;;;;;;;;;;;;;;;;;;;;;;;;;;;;;;;;;;;;;;;;;;;;;;;;;;;;;;;;;;;;;;;;;;;;;;;;;;;;;;;;;;;;;;;;;;;;;;;;;;;;;;;;;;;;;;;;;;;;;;;;;;;;;;;;;;;;;;;;;;;;;;;;;;;;;;
台州市椒江吗哪眼镜厂;https://shop876476307.1688.com;1;45;https://detail.1688.com/offer/526077113339.html;;;;;;;;;;;;;;;;;;;;;;;;;;;;;;;;;;;;;;;;;;;;;;;;;;;;;;;;;;;;;;;;;;;;;;;;;;;;;;;;;;;;;;;;;;;;;;;;;;;;;;;;;;;;;;;;;;;;;;;;;;;;;;;;;;;;;;;;;;;;;;;;;;;;;;;;;;;;;;;;;;;;;;;;;;;;;;;;;;;;;;;;;;;;;;;;
临海市米格眼镜商行;https://shop1467563858915.1688.com;1;45;https://detail.1688.com/offer/563790610324.html;;;;;;;;;;;;;;;;;;;;;;;;;;;;;;;;;;;;;;;;;;;;;;;;;;;;;;;;;;;;;;;;;;;;;;;;;;;;;;;;;;;;;;;;;;;;;;;;;;;;;;;;;;;;;;;;;;;;;;;;;;;;;;;;;;;;;;;;;;;;;;;;;;;;;;;;;;;;;;;;;;;;;;;;;;;;;;;;;;;;;;;;;;;;;;;;
台州市椒江维壹眼镜厂;https://onlyglasses.1688.com;1;45;https://detail.1688.com/offer/652647240551.html;;;;;;;;;;;;;;;;;;;;;;;;;;;;;;;;;;;;;;;;;;;;;;;;;;;;;;;;;;;;;;;;;;;;;;;;;;;;;;;;;;;;;;;;;;;;;;;;;;;;;;;;;;;;;;;;;;;;;;;;;;;;;;;;;;;;;;;;;;;;;;;;;;;;;;;;;;;;;;;;;;;;;;;;;;;;;;;;;;;;;;;;;;;;;;;;
义乌市弥漫眼镜有限公司;https://ywmiman.1688.com;1;45;https://detail.1688.com/offer/625251889035.html;;;;;;;;;;;;;;;;;;;;;;;;;;;;;;;;;;;;;;;;;;;;;;;;;;;;;;;;;;;;;;;;;;;;;;;;;;;;;;;;;;;;;;;;;;;;;;;;;;;;;;;;;;;;;;;;;;;;;;;;;;;;;;;;;;;;;;;;;;;;;;;;;;;;;;;;;;;;;;;;;;;;;;;;;;;;;;;;;;;;;;;;;;;;;;;;
义乌市美拉眼镜商行;https://shop1392137664055.1688.com;1;45;https://detail.1688.com/offer/551832233705.html;;;;;;;;;;;;;;;;;;;;;;;;;;;;;;;;;;;;;;;;;;;;;;;;;;;;;;;;;;;;;;;;;;;;;;;;;;;;;;;;;;;;;;;;;;;;;;;;;;;;;;;;;;;;;;;;;;;;;;;;;;;;;;;;;;;;;;;;;;;;;;;;;;;;;;;;;;;;;;;;;;;;;;;;;;;;;;;;;;;;;;;;;;;;;;;;
永定区申炎季商行;https://shop81287b1807417.1688.com;1;45;https://detail.1688.com/offer/640035291998.html;;;;;;;;;;;;;;;;;;;;;;;;;;;;;;;;;;;;;;;;;;;;;;;;;;;;;;;;;;;;;;;;;;;;;;;;;;;;;;;;;;;;;;;;;;;;;;;;;;;;;;;;;;;;;;;;;;;;;;;;;;;;;;;;;;;;;;;;;;;;;;;;;;;;;;;;;;;;;;;;;;;;;;;;;;;;;;;;;;;;;;;;;;;;;;;;
佛山市南海区浩楠绮服装厂;https://shop978615861f8f0.1688.com;1;45;https://detail.1688.com/offer/642954488310.html;;;;;;;;;;;;;;;;;;;;;;;;;;;;;;;;;;;;;;;;;;;;;;;;;;;;;;;;;;;;;;;;;;;;;;;;;;;;;;;;;;;;;;;;;;;;;;;;;;;;;;;;;;;;;;;;;;;;;;;;;;;;;;;;;;;;;;;;;;;;;;;;;;;;;;;;;;;;;;;;;;;;;;;;;;;;;;;;;;;;;;;;;;;;;;;;
佛山市南海区谷莱妮服饰厂;https://shop028r223792195.1688.com;1;45;https://detail.1688.com/offer/644385833054.html;;;;;;;;;;;;;;;;;;;;;;;;;;;;;;;;;;;;;;;;;;;;;;;;;;;;;;;;;;;;;;;;;;;;;;;;;;;;;;;;;;;;;;;;;;;;;;;;;;;;;;;;;;;;;;;;;;;;;;;;;;;;;;;;;;;;;;;;;;;;;;;;;;;;;;;;;;;;;;;;;;;;;;;;;;;;;;;;;;;;;;;;;;;;;;;;
台州市旭承眼镜有限公司;https://shop081l221045081.1688.com;1;45;https://detail.1688.com/offer/651182855854.html;;;;;;;;;;;;;;;;;;;;;;;;;;;;;;;;;;;;;;;;;;;;;;;;;;;;;;;;;;;;;;;;;;;;;;;;;;;;;;;;;;;;;;;;;;;;;;;;;;;;;;;;;;;;;;;;;;;;;;;;;;;;;;;;;;;;;;;;;;;;;;;;;;;;;;;;;;;;;;;;;;;;;;;;;;;;;;;;;;;;;;;;;;;;;;;;
杭州婵菲科技有限公司;https://miudis.1688.com;1;45;https://detail.1688.com/offer/619698127744.html;;;;;;;;;;;;;;;;;;;;;;;;;;;;;;;;;;;;;;;;;;;;;;;;;;;;;;;;;;;;;;;;;;;;;;;;;;;;;;;;;;;;;;;;;;;;;;;;;;;;;;;;;;;;;;;;;;;;;;;;;;;;;;;;;;;;;;;;;;;;;;;;;;;;;;;;;;;;;;;;;;;;;;;;;;;;;;;;;;;;;;;;;;;;;;;;
台州市致家眼镜有限公司;https://shop603904c9v8221.1688.com;1;45;https://detail.1688.com/offer/652445467753.html;;;;;;;;;;;;;;;;;;;;;;;;;;;;;;;;;;;;;;;;;;;;;;;;;;;;;;;;;;;;;;;;;;;;;;;;;;;;;;;;;;;;;;;;;;;;;;;;;;;;;;;;;;;;;;;;;;;;;;;;;;;;;;;;;;;;;;;;;;;;;;;;;;;;;;;;;;;;;;;;;;;;;;;;;;;;;;;;;;;;;;;;;;;;;;;;
佛山市南海区丹灶宸祥五金交电商行;https://shop8b03v069e6692.1688.com;1;45;https://detail.1688.com/offer/640049399493.html;;;;;;;;;;;;;;;;;;;;;;;;;;;;;;;;;;;;;;;;;;;;;;;;;;;;;;;;;;;;;;;;;;;;;;;;;;;;;;;;;;;;;;;;;;;;;;;;;;;;;;;;;;;;;;;;;;;;;;;;;;;;;;;;;;;;;;;;;;;;;;;;;;;;;;;;;;;;;;;;;;;;;;;;;;;;;;;;;;;;;;;;;;;;;;;;
深圳市光影元素眼镜有限公司;https://gyys1986.1688.com;1;45;https://detail.1688.com/offer/653048242715.html;;;;;;;;;;;;;;;;;;;;;;;;;;;;;;;;;;;;;;;;;;;;;;;;;;;;;;;;;;;;;;;;;;;;;;;;;;;;;;;;;;;;;;;;;;;;;;;;;;;;;;;;;;;;;;;;;;;;;;;;;;;;;;;;;;;;;;;;;;;;;;;;;;;;;;;;;;;;;;;;;;;;;;;;;;;;;;;;;;;;;;;;;;;;;;;;
义乌市鑫麦贸易有限公司;https://shop1486438568230.1688.com;1;45;https://detail.1688.com/offer/575255283161.html;;;;;;;;;;;;;;;;;;;;;;;;;;;;;;;;;;;;;;;;;;;;;;;;;;;;;;;;;;;;;;;;;;;;;;;;;;;;;;;;;;;;;;;;;;;;;;;;;;;;;;;;;;;;;;;;;;;;;;;;;;;;;;;;;;;;;;;;;;;;;;;;;;;;;;;;;;;;;;;;;;;;;;;;;;;;;;;;;;;;;;;;;;;;;;;;
温州梵科国际光学有限公司;https://shop4os353316l391.1688.com;1;45;https://detail.1688.com/offer/654487619540.html;;;;;;;;;;;;;;;;;;;;;;;;;;;;;;;;;;;;;;;;;;;;;;;;;;;;;;;;;;;;;;;;;;;;;;;;;;;;;;;;;;;;;;;;;;;;;;;;;;;;;;;;;;;;;;;;;;;;;;;;;;;;;;;;;;;;;;;;;;;;;;;;;;;;;;;;;;;;;;;;;;;;;;;;;;;;;;;;;;;;;;;;;;;;;;;;
广州市花都区花城迅奇光学眼镜厂;https://gudeyue.1688.com;1;45;https://detail.1688.com/offer/544169126686.html;;;;;;;;;;;;;;;;;;;;;;;;;;;;;;;;;;;;;;;;;;;;;;;;;;;;;;;;;;;;;;;;;;;;;;;;;;;;;;;;;;;;;;;;;;;;;;;;;;;;;;;;;;;;;;;;;;;;;;;;;;;;;;;;;;;;;;;;;;;;;;;;;;;;;;;;;;;;;;;;;;;;;;;;;;;;;;;;;;;;;;;;;;;;;;;;
临海市雷恩光学眼镜有限公司;https://linhaileien.1688.com;1;45;https://detail.1688.com/offer/567234966836.html;;;;;;;;;;;;;;;;;;;;;;;;;;;;;;;;;;;;;;;;;;;;;;;;;;;;;;;;;;;;;;;;;;;;;;;;;;;;;;;;;;;;;;;;;;;;;;;;;;;;;;;;;;;;;;;;;;;;;;;;;;;;;;;;;;;;;;;;;;;;;;;;;;;;;;;;;;;;;;;;;;;;;;;;;;;;;;;;;;;;;;;;;;;;;;;;
台州市椒江明浩眼镜有限公司;https://minghaoyj.1688.com;1;45;https://detail.1688.com/offer/620024221393.html;;;;;;;;;;;;;;;;;;;;;;;;;;;;;;;;;;;;;;;;;;;;;;;;;;;;;;;;;;;;;;;;;;;;;;;;;;;;;;;;;;;;;;;;;;;;;;;;;;;;;;;;;;;;;;;;;;;;;;;;;;;;;;;;;;;;;;;;;;;;;;;;;;;;;;;;;;;;;;;;;;;;;;;;;;;;;;;;;;;;;;;;;;;;;;;;
义乌康晨眼镜有限公司;https://shop1426734998302.1688.com;1;45;https://detail.1688.com/offer/574186036427.html;;;;;;;;;;;;;;;;;;;;;;;;;;;;;;;;;;;;;;;;;;;;;;;;;;;;;;;;;;;;;;;;;;;;;;;;;;;;;;;;;;;;;;;;;;;;;;;;;;;;;;;;;;;;;;;;;;;;;;;;;;;;;;;;;;;;;;;;;;;;;;;;;;;;;;;;;;;;;;;;;;;;;;;;;;;;;;;;;;;;;;;;;;;;;;;;
临海市聚盈眼镜有限公司;https://juyingyanjing.1688.com;1;45;https://detail.1688.com/offer/575885637458.html;;;;;;;;;;;;;;;;;;;;;;;;;;;;;;;;;;;;;;;;;;;;;;;;;;;;;;;;;;;;;;;;;;;;;;;;;;;;;;;;;;;;;;;;;;;;;;;;;;;;;;;;;;;;;;;;;;;;;;;;;;;;;;;;;;;;;;;;;;;;;;;;;;;;;;;;;;;;;;;;;;;;;;;;;;;;;;;;;;;;;;;;;;;;;;;;
临海市艾欧眼镜厂;https://shop1437151984703.1688.com;1;45;https://detail.1688.com/offer/521306558912.html;;;;;;;;;;;;;;;;;;;;;;;;;;;;;;;;;;;;;;;;;;;;;;;;;;;;;;;;;;;;;;;;;;;;;;;;;;;;;;;;;;;;;;;;;;;;;;;;;;;;;;;;;;;;;;;;;;;;;;;;;;;;;;;;;;;;;;;;;;;;;;;;;;;;;;;;;;;;;;;;;;;;;;;;;;;;;;;;;;;;;;;;;;;;;;;;
临海市梦奈尔眼镜有限公司;https://shop892m16268if02.1688.com;1;45;https://detail.1688.com/offer/606757877932.html;;;;;;;;;;;;;;;;;;;;;;;;;;;;;;;;;;;;;;;;;;;;;;;;;;;;;;;;;;;;;;;;;;;;;;;;;;;;;;;;;;;;;;;;;;;;;;;;;;;;;;;;;;;;;;;;;;;;;;;;;;;;;;;;;;;;;;;;;;;;;;;;;;;;;;;;;;;;;;;;;;;;;;;;;;;;;;;;;;;;;;;;;;;;;;;;
临海市卡米勒眼镜有限公司;https://shop1467133626436.1688.com;1;45;https://detail.1688.com/offer/534809601531.html;;;;;;;;;;;;;;;;;;;;;;;;;;;;;;;;;;;;;;;;;;;;;;;;;;;;;;;;;;;;;;;;;;;;;;;;;;;;;;;;;;;;;;;;;;;;;;;;;;;;;;;;;;;;;;;;;;;;;;;;;;;;;;;;;;;;;;;;;;;;;;;;;;;;;;;;;;;;;;;;;;;;;;;;;;;;;;;;;;;;;;;;;;;;;;;;
义乌市支浩电子商务商行;https://shop298287y7h58f5.1688.com;1;45;https://detail.1688.com/offer/653312410192.html;;;;;;;;;;;;;;;;;;;;;;;;;;;;;;;;;;;;;;;;;;;;;;;;;;;;;;;;;;;;;;;;;;;;;;;;;;;;;;;;;;;;;;;;;;;;;;;;;;;;;;;;;;;;;;;;;;;;;;;;;;;;;;;;;;;;;;;;;;;;;;;;;;;;;;;;;;;;;;;;;;;;;;;;;;;;;;;;;;;;;;;;;;;;;;;;
义乌市鸿晨眼镜商行;https://wellfuloptics.1688.com;1;45;https://detail.1688.com/offer/542593460707.html;;;;;;;;;;;;;;;;;;;;;;;;;;;;;;;;;;;;;;;;;;;;;;;;;;;;;;;;;;;;;;;;;;;;;;;;;;;;;;;;;;;;;;;;;;;;;;;;;;;;;;;;;;;;;;;;;;;;;;;;;;;;;;;;;;;;;;;;;;;;;;;;;;;;;;;;;;;;;;;;;;;;;;;;;;;;;;;;;;;;;;;;;;;;;;;;
台州市椒江都蒙眼镜厂;https://dumengyanjing.1688.com;1;45;https://detail.1688.com/offer/587461292132.html;;;;;;;;;;;;;;;;;;;;;;;;;;;;;;;;;;;;;;;;;;;;;;;;;;;;;;;;;;;;;;;;;;;;;;;;;;;;;;;;;;;;;;;;;;;;;;;;;;;;;;;;;;;;;;;;;;;;;;;;;;;;;;;;;;;;;;;;;;;;;;;;;;;;;;;;;;;;;;;;;;;;;;;;;;;;;;;;;;;;;;;;;;;;;;;;
内蒙古三色光科技有限公司;https://shop207q019877000.1688.com;1;45;https://detail.1688.com/offer/641950371398.html;;;;;;;;;;;;;;;;;;;;;;;;;;;;;;;;;;;;;;;;;;;;;;;;;;;;;;;;;;;;;;;;;;;;;;;;;;;;;;;;;;;;;;;;;;;;;;;;;;;;;;;;;;;;;;;;;;;;;;;;;;;;;;;;;;;;;;;;;;;;;;;;;;;;;;;;;;;;;;;;;;;;;;;;;;;;;;;;;;;;;;;;;;;;;;;;
台州市禾目尼眼镜有限公司;https://shop453239y276s91.1688.com;1;45;https://detail.1688.com/offer/644465778045.html;;;;;;;;;;;;;;;;;;;;;;;;;;;;;;;;;;;;;;;;;;;;;;;;;;;;;;;;;;;;;;;;;;;;;;;;;;;;;;;;;;;;;;;;;;;;;;;;;;;;;;;;;;;;;;;;;;;;;;;;;;;;;;;;;;;;;;;;;;;;;;;;;;;;;;;;;;;;;;;;;;;;;;;;;;;;;;;;;;;;;;;;;;;;;;;;
义乌市万鑫眼镜厂;https://shop1427215629870.1688.com;1;45;https://detail.1688.com/offer/613332626678.html;;;;;;;;;;;;;;;;;;;;;;;;;;;;;;;;;;;;;;;;;;;;;;;;;;;;;;;;;;;;;;;;;;;;;;;;;;;;;;;;;;;;;;;;;;;;;;;;;;;;;;;;;;;;;;;;;;;;;;;;;;;;;;;;;;;;;;;;;;;;;;;;;;;;;;;;;;;;;;;;;;;;;;;;;;;;;;;;;;;;;;;;;;;;;;;;
临海市德林眼镜厂;https://delinyj.1688.com;1;45;https://detail.1688.com/offer/588613530615.html;;;;;;;;;;;;;;;;;;;;;;;;;;;;;;;;;;;;;;;;;;;;;;;;;;;;;;;;;;;;;;;;;;;;;;;;;;;;;;;;;;;;;;;;;;;;;;;;;;;;;;;;;;;;;;;;;;;;;;;;;;;;;;;;;;;;;;;;;;;;;;;;;;;;;;;;;;;;;;;;;;;;;;;;;;;;;;;;;;;;;;;;;;;;;;;;
临海市光度眼镜有限公司;https://guangduyj.1688.com;1;45;https://detail.1688.com/offer/564147822133.html;;;;;;;;;;;;;;;;;;;;;;;;;;;;;;;;;;;;;;;;;;;;;;;;;;;;;;;;;;;;;;;;;;;;;;;;;;;;;;;;;;;;;;;;;;;;;;;;;;;;;;;;;;;;;;;;;;;;;;;;;;;;;;;;;;;;;;;;;;;;;;;;;;;;;;;;;;;;;;;;;;;;;;;;;;;;;;;;;;;;;;;;;;;;;;;;
临海市铭秀眼镜商行;https://kaliya.1688.com;1;45;https://detail.1688.com/offer/588610986906.html;;;;;;;;;;;;;;;;;;;;;;;;;;;;;;;;;;;;;;;;;;;;;;;;;;;;;;;;;;;;;;;;;;;;;;;;;;;;;;;;;;;;;;;;;;;;;;;;;;;;;;;;;;;;;;;;;;;;;;;;;;;;;;;;;;;;;;;;;;;;;;;;;;;;;;;;;;;;;;;;;;;;;;;;;;;;;;;;;;;;;;;;;;;;;;;;
广州弋冉百货商贸店;https://shop99740e9172p83.1688.com;1;45;https://detail.1688.com/offer/656191019132.html;;;;;;;;;;;;;;;;;;;;;;;;;;;;;;;;;;;;;;;;;;;;;;;;;;;;;;;;;;;;;;;;;;;;;;;;;;;;;;;;;;;;;;;;;;;;;;;;;;;;;;;;;;;;;;;;;;;;;;;;;;;;;;;;;;;;;;;;;;;;;;;;;;;;;;;;;;;;;;;;;;;;;;;;;;;;;;;;;;;;;;;;;;;;;;;;
义乌市星浦电子商务商行;https://shop101806v008v41.1688.com;1;45;https://detail.1688.com/offer/643712849390.html;;;;;;;;;;;;;;;;;;;;;;;;;;;;;;;;;;;;;;;;;;;;;;;;;;;;;;;;;;;;;;;;;;;;;;;;;;;;;;;;;;;;;;;;;;;;;;;;;;;;;;;;;;;;;;;;;;;;;;;;;;;;;;;;;;;;;;;;;;;;;;;;;;;;;;;;;;;;;;;;;;;;;;;;;;;;;;;;;;;;;;;;;;;;;;;;
义乌市长冠电子商务商行;https://shop012564ptp2665.1688.com;1;45;https://detail.1688.com/offer/656332795910.html;;;;;;;;;;;;;;;;;;;;;;;;;;;;;;;;;;;;;;;;;;;;;;;;;;;;;;;;;;;;;;;;;;;;;;;;;;;;;;;;;;;;;;;;;;;;;;;;;;;;;;;;;;;;;;;;;;;;;;;;;;;;;;;;;;;;;;;;;;;;;;;;;;;;;;;;;;;;;;;;;;;;;;;;;;;;;;;;;;;;;;;;;;;;;;;;
绍兴上虞君赐百货商行;https://shop0u32719428s46.1688.com;1;45;https://detail.1688.com/offer/656049626781.html;;;;;;;;;;;;;;;;;;;;;;;;;;;;;;;;;;;;;;;;;;;;;;;;;;;;;;;;;;;;;;;;;;;;;;;;;;;;;;;;;;;;;;;;;;;;;;;;;;;;;;;;;;;;;;;;;;;;;;;;;;;;;;;;;;;;;;;;;;;;;;;;;;;;;;;;;;;;;;;;;;;;;;;;;;;;;;;;;;;;;;;;;;;;;;;;
义乌市法彼电子商务商行;https://shop76459p6073498.1688.com;1;45;https://detail.1688.com/offer/655738314943.html;;;;;;;;;;;;;;;;;;;;;;;;;;;;;;;;;;;;;;;;;;;;;;;;;;;;;;;;;;;;;;;;;;;;;;;;;;;;;;;;;;;;;;;;;;;;;;;;;;;;;;;;;;;;;;;;;;;;;;;;;;;;;;;;;;;;;;;;;;;;;;;;;;;;;;;;;;;;;;;;;;;;;;;;;;;;;;;;;;;;;;;;;;;;;;;;
义乌市巩凡贸易商行;https://shop9818199215798.1688.com;1;45;https://detail.1688.com/offer/635617694830.html;;;;;;;;;;;;;;;;;;;;;;;;;;;;;;;;;;;;;;;;;;;;;;;;;;;;;;;;;;;;;;;;;;;;;;;;;;;;;;;;;;;;;;;;;;;;;;;;;;;;;;;;;;;;;;;;;;;;;;;;;;;;;;;;;;;;;;;;;;;;;;;;;;;;;;;;;;;;;;;;;;;;;;;;;;;;;;;;;;;;;;;;;;;;;;;;
台州市椒江杰特眼镜厂(普通合伙);https://xgglasses.1688.com;1;45;https://detail.1688.com/offer/561702221925.html;;;;;;;;;;;;;;;;;;;;;;;;;;;;;;;;;;;;;;;;;;;;;;;;;;;;;;;;;;;;;;;;;;;;;;;;;;;;;;;;;;;;;;;;;;;;;;;;;;;;;;;;;;;;;;;;;;;;;;;;;;;;;;;;;;;;;;;;;;;;;;;;;;;;;;;;;;;;;;;;;;;;;;;;;;;;;;;;;;;;;;;;;;;;;;;;
义乌市汇诚电子商务商行;https://shop1465993006475.1688.com;1;45;https://detail.1688.com/offer/589415270149.html;;;;;;;;;;;;;;;;;;;;;;;;;;;;;;;;;;;;;;;;;;;;;;;;;;;;;;;;;;;;;;;;;;;;;;;;;;;;;;;;;;;;;;;;;;;;;;;;;;;;;;;;;;;;;;;;;;;;;;;;;;;;;;;;;;;;;;;;;;;;;;;;;;;;;;;;;;;;;;;;;;;;;;;;;;;;;;;;;;;;;;;;;;;;;;;;
台州市黛伦眼镜有限公司;https://shop1486659601638.1688.com;1;45;https://detail.1688.com/offer/562845742357.html;;;;;;;;;;;;;;;;;;;;;;;;;;;;;;;;;;;;;;;;;;;;;;;;;;;;;;;;;;;;;;;;;;;;;;;;;;;;;;;;;;;;;;;;;;;;;;;;;;;;;;;;;;;;;;;;;;;;;;;;;;;;;;;;;;;;;;;;;;;;;;;;;;;;;;;;;;;;;;;;;;;;;;;;;;;;;;;;;;;;;;;;;;;;;;;;
台州市椒江方舟眼镜厂;https://fangzhouglasses.1688.com;1;45;https://detail.1688.com/offer/566075947737.html;;;;;;;;;;;;;;;;;;;;;;;;;;;;;;;;;;;;;;;;;;;;;;;;;;;;;;;;;;;;;;;;;;;;;;;;;;;;;;;;;;;;;;;;;;;;;;;;;;;;;;;;;;;;;;;;;;;;;;;;;;;;;;;;;;;;;;;;;;;;;;;;;;;;;;;;;;;;;;;;;;;;;;;;;;;;;;;;;;;;;;;;;;;;;;;;
台州市狂潮贸易有限公司;https://shop1477327111837.1688.com;1;45;https://detail.1688.com/offer/572612542732.html;;;;;;;;;;;;;;;;;;;;;;;;;;;;;;;;;;;;;;;;;;;;;;;;;;;;;;;;;;;;;;;;;;;;;;;;;;;;;;;;;;;;;;;;;;;;;;;;;;;;;;;;;;;;;;;;;;;;;;;;;;;;;;;;;;;;;;;;;;;;;;;;;;;;;;;;;;;;;;;;;;;;;;;;;;;;;;;;;;;;;;;;;;;;;;;;
临海市明锐眼镜商行;https://boliangglasses.1688.com;1;45;https://detail.1688.com/offer/570163896428.html;;;;;;;;;;;;;;;;;;;;;;;;;;;;;;;;;;;;;;;;;;;;;;;;;;;;;;;;;;;;;;;;;;;;;;;;;;;;;;;;;;;;;;;;;;;;;;;;;;;;;;;;;;;;;;;;;;;;;;;;;;;;;;;;;;;;;;;;;;;;;;;;;;;;;;;;;;;;;;;;;;;;;;;;;;;;;;;;;;;;;;;;;;;;;;;;
台州市椒江七彩眼镜加工厂;https://shop46170r9836880.1688.com;1;45;https://detail.1688.com/offer/650048281056.html;;;;;;;;;;;;;;;;;;;;;;;;;;;;;;;;;;;;;;;;;;;;;;;;;;;;;;;;;;;;;;;;;;;;;;;;;;;;;;;;;;;;;;;;;;;;;;;;;;;;;;;;;;;;;;;;;;;;;;;;;;;;;;;;;;;;;;;;;;;;;;;;;;;;;;;;;;;;;;;;;;;;;;;;;;;;;;;;;;;;;;;;;;;;;;;;
台州市信合眼镜股份有限公司;https://xinheglasses.1688.com;1;45;https://detail.1688.com/offer/627503311185.html;;;;;;;;;;;;;;;;;;;;;;;;;;;;;;;;;;;;;;;;;;;;;;;;;;;;;;;;;;;;;;;;;;;;;;;;;;;;;;;;;;;;;;;;;;;;;;;;;;;;;;;;;;;;;;;;;;;;;;;;;;;;;;;;;;;;;;;;;;;;;;;;;;;;;;;;;;;;;;;;;;;;;;;;;;;;;;;;;;;;;;;;;;;;;;;;
台州市凌杰眼镜有限公司;https://shop346404p8p7896.1688.com;1;45;https://detail.1688.com/offer/632915319286.html;;;;;;;;;;;;;;;;;;;;;;;;;;;;;;;;;;;;;;;;;;;;;;;;;;;;;;;;;;;;;;;;;;;;;;;;;;;;;;;;;;;;;;;;;;;;;;;;;;;;;;;;;;;;;;;;;;;;;;;;;;;;;;;;;;;;;;;;;;;;;;;;;;;;;;;;;;;;;;;;;;;;;;;;;;;;;;;;;;;;;;;;;;;;;;;;
台州市华翰眼镜有限公司;https://shop7492954y7t042.1688.com;1;45;https://detail.1688.com/offer/643520923342.html;;;;;;;;;;;;;;;;;;;;;;;;;;;;;;;;;;;;;;;;;;;;;;;;;;;;;;;;;;;;;;;;;;;;;;;;;;;;;;;;;;;;;;;;;;;;;;;;;;;;;;;;;;;;;;;;;;;;;;;;;;;;;;;;;;;;;;;;;;;;;;;;;;;;;;;;;;;;;;;;;;;;;;;;;;;;;;;;;;;;;;;;;;;;;;;;
临海市捷威眼镜有限公司;https://shop48m5613762b88.1688.com;1;45;https://detail.1688.com/offer/643973253113.html;;;;;;;;;;;;;;;;;;;;;;;;;;;;;;;;;;;;;;;;;;;;;;;;;;;;;;;;;;;;;;;;;;;;;;;;;;;;;;;;;;;;;;;;;;;;;;;;;;;;;;;;;;;;;;;;;;;;;;;;;;;;;;;;;;;;;;;;;;;;;;;;;;;;;;;;;;;;;;;;;;;;;;;;;;;;;;;;;;;;;;;;;;;;;;;;
临海市锡安眼镜厂;https://shop1474216725133.1688.com;1;45;https://detail.1688.com/offer/653443702992.html;;;;;;;;;;;;;;;;;;;;;;;;;;;;;;;;;;;;;;;;;;;;;;;;;;;;;;;;;;;;;;;;;;;;;;;;;;;;;;;;;;;;;;;;;;;;;;;;;;;;;;;;;;;;;;;;;;;;;;;;;;;;;;;;;;;;;;;;;;;;;;;;;;;;;;;;;;;;;;;;;;;;;;;;;;;;;;;;;;;;;;;;;;;;;;;;
广州斯艳商贸有限公司;https://shop5532l02236218.1688.com;1;45;https://detail.1688.com/offer/643780141982.html;;;;;;;;;;;;;;;;;;;;;;;;;;;;;;;;;;;;;;;;;;;;;;;;;;;;;;;;;;;;;;;;;;;;;;;;;;;;;;;;;;;;;;;;;;;;;;;;;;;;;;;;;;;;;;;;;;;;;;;;;;;;;;;;;;;;;;;;;;;;;;;;;;;;;;;;;;;;;;;;;;;;;;;;;;;;;;;;;;;;;;;;;;;;;;;;
临海市靖康眼镜厂;https://shop90w986e91p236.1688.com;1;45;https://detail.1688.com/offer/589525359724.html;;;;;;;;;;;;;;;;;;;;;;;;;;;;;;;;;;;;;;;;;;;;;;;;;;;;;;;;;;;;;;;;;;;;;;;;;;;;;;;;;;;;;;;;;;;;;;;;;;;;;;;;;;;;;;;;;;;;;;;;;;;;;;;;;;;;;;;;;;;;;;;;;;;;;;;;;;;;;;;;;;;;;;;;;;;;;;;;;;;;;;;;;;;;;;;;
义乌市轩宝贸易有限公司;https://shop0257g89729497.1688.com;1;45;https://detail.1688.com/offer/654004804368.html;;;;;;;;;;;;;;;;;;;;;;;;;;;;;;;;;;;;;;;;;;;;;;;;;;;;;;;;;;;;;;;;;;;;;;;;;;;;;;;;;;;;;;;;;;;;;;;;;;;;;;;;;;;;;;;;;;;;;;;;;;;;;;;;;;;;;;;;;;;;;;;;;;;;;;;;;;;;;;;;;;;;;;;;;;;;;;;;;;;;;;;;;;;;;;;;
台州市宝乐丽贸易有限公司;https://shop7z49602931du9.1688.com;1;45;https://detail.1688.com/offer/638577724712.html;;;;;;;;;;;;;;;;;;;;;;;;;;;;;;;;;;;;;;;;;;;;;;;;;;;;;;;;;;;;;;;;;;;;;;;;;;;;;;;;;;;;;;;;;;;;;;;;;;;;;;;;;;;;;;;;;;;;;;;;;;;;;;;;;;;;;;;;;;;;;;;;;;;;;;;;;;;;;;;;;;;;;;;;;;;;;;;;;;;;;;;;;;;;;;;;
临海市蒙迪眼镜商行;https://shop1583189578981.1688.com;1;45;https://detail.1688.com/offer/566442947956.html;;;;;;;;;;;;;;;;;;;;;;;;;;;;;;;;;;;;;;;;;;;;;;;;;;;;;;;;;;;;;;;;;;;;;;;;;;;;;;;;;;;;;;;;;;;;;;;;;;;;;;;;;;;;;;;;;;;;;;;;;;;;;;;;;;;;;;;;;;;;;;;;;;;;;;;;;;;;;;;;;;;;;;;;;;;;;;;;;;;;;;;;;;;;;;;;
台州市椒江卡迪眼镜厂;https://shop1487954652038.1688.com;1;45;https://detail.1688.com/offer/644160748787.html;;;;;;;;;;;;;;;;;;;;;;;;;;;;;;;;;;;;;;;;;;;;;;;;;;;;;;;;;;;;;;;;;;;;;;;;;;;;;;;;;;;;;;;;;;;;;;;;;;;;;;;;;;;;;;;;;;;;;;;;;;;;;;;;;;;;;;;;;;;;;;;;;;;;;;;;;;;;;;;;;;;;;;;;;;;;;;;;;;;;;;;;;;;;;;;;
临海市宇莎眼镜厂;https://yushayanjing.1688.com;1;45;https://detail.1688.com/offer/614069383221.html;;;;;;;;;;;;;;;;;;;;;;;;;;;;;;;;;;;;;;;;;;;;;;;;;;;;;;;;;;;;;;;;;;;;;;;;;;;;;;;;;;;;;;;;;;;;;;;;;;;;;;;;;;;;;;;;;;;;;;;;;;;;;;;;;;;;;;;;;;;;;;;;;;;;;;;;;;;;;;;;;;;;;;;;;;;;;;;;;;;;;;;;;;;;;;;;
广州市荔湾区颖汝网络科技有限公司;https://shop5446t12627488.1688.com;1;45;https://detail.1688.com/offer/639792684329.html;;;;;;;;;;;;;;;;;;;;;;;;;;;;;;;;;;;;;;;;;;;;;;;;;;;;;;;;;;;;;;;;;;;;;;;;;;;;;;;;;;;;;;;;;;;;;;;;;;;;;;;;;;;;;;;;;;;;;;;;;;;;;;;;;;;;;;;;;;;;;;;;;;;;;;;;;;;;;;;;;;;;;;;;;;;;;;;;;;;;;;;;;;;;;;;;
临海市天富眼镜厂;https://shop1427907201661.1688.com;1;45;https://detail.1688.com/offer/563051254917.html;;;;;;;;;;;;;;;;;;;;;;;;;;;;;;;;;;;;;;;;;;;;;;;;;;;;;;;;;;;;;;;;;;;;;;;;;;;;;;;;;;;;;;;;;;;;;;;;;;;;;;;;;;;;;;;;;;;;;;;;;;;;;;;;;;;;;;;;;;;;;;;;;;;;;;;;;;;;;;;;;;;;;;;;;;;;;;;;;;;;;;;;;;;;;;;;
临海市凡卡罗眼镜商行;https://15325586593.1688.com;1;45;https://detail.1688.com/offer/582299351540.html;;;;;;;;;;;;;;;;;;;;;;;;;;;;;;;;;;;;;;;;;;;;;;;;;;;;;;;;;;;;;;;;;;;;;;;;;;;;;;;;;;;;;;;;;;;;;;;;;;;;;;;;;;;;;;;;;;;;;;;;;;;;;;;;;;;;;;;;;;;;;;;;;;;;;;;;;;;;;;;;;;;;;;;;;;;;;;;;;;;;;;;;;;;;;;;;
义乌市寒晗电子商务商行;https://shop769l3r1724305.1688.com;1;45;https://detail.1688.com/offer/652021154056.html;;;;;;;;;;;;;;;;;;;;;;;;;;;;;;;;;;;;;;;;;;;;;;;;;;;;;;;;;;;;;;;;;;;;;;;;;;;;;;;;;;;;;;;;;;;;;;;;;;;;;;;;;;;;;;;;;;;;;;;;;;;;;;;;;;;;;;;;;;;;;;;;;;;;;;;;;;;;;;;;;;;;;;;;;;;;;;;;;;;;;;;;;;;;;;;;
五华县岐岭镇倩玉加工厂;https://shop54365efn24846.1688.com;1;45;https://detail.1688.com/offer/652905723212.html;;;;;;;;;;;;;;;;;;;;;;;;;;;;;;;;;;;;;;;;;;;;;;;;;;;;;;;;;;;;;;;;;;;;;;;;;;;;;;;;;;;;;;;;;;;;;;;;;;;;;;;;;;;;;;;;;;;;;;;;;;;;;;;;;;;;;;;;;;;;;;;;;;;;;;;;;;;;;;;;;;;;;;;;;;;;;;;;;;;;;;;;;;;;;;;;
台州逆袭商贸有限公司;https://sunglass1688.1688.com;1;45;https://detail.1688.com/offer/572028862926.html;;;;;;;;;;;;;;;;;;;;;;;;;;;;;;;;;;;;;;;;;;;;;;;;;;;;;;;;;;;;;;;;;;;;;;;;;;;;;;;;;;;;;;;;;;;;;;;;;;;;;;;;;;;;;;;;;;;;;;;;;;;;;;;;;;;;;;;;;;;;;;;;;;;;;;;;;;;;;;;;;;;;;;;;;;;;;;;;;;;;;;;;;;;;;;;;
临海市升腾眼镜有限公司;https://stmyjl.1688.com;1;45;https://detail.1688.com/offer/588909966804.html;;;;;;;;;;;;;;;;;;;;;;;;;;;;;;;;;;;;;;;;;;;;;;;;;;;;;;;;;;;;;;;;;;;;;;;;;;;;;;;;;;;;;;;;;;;;;;;;;;;;;;;;;;;;;;;;;;;;;;;;;;;;;;;;;;;;;;;;;;;;;;;;;;;;;;;;;;;;;;;;;;;;;;;;;;;;;;;;;;;;;;;;;;;;;;;;
临海市新锐眼镜有限公司;https://shop34r47109e3e06.1688.com;1;45;https://detail.1688.com/offer/641824973554.html;;;;;;;;;;;;;;;;;;;;;;;;;;;;;;;;;;;;;;;;;;;;;;;;;;;;;;;;;;;;;;;;;;;;;;;;;;;;;;;;;;;;;;;;;;;;;;;;;;;;;;;;;;;;;;;;;;;;;;;;;;;;;;;;;;;;;;;;;;;;;;;;;;;;;;;;;;;;;;;;;;;;;;;;;;;;;;;;;;;;;;;;;;;;;;;;
台州市梵听眼镜有限公司;https://shop600k244052689.1688.com;1;45;https://detail.1688.com/offer/645334121588.html;;;;;;;;;;;;;;;;;;;;;;;;;;;;;;;;;;;;;;;;;;;;;;;;;;;;;;;;;;;;;;;;;;;;;;;;;;;;;;;;;;;;;;;;;;;;;;;;;;;;;;;;;;;;;;;;;;;;;;;;;;;;;;;;;;;;;;;;;;;;;;;;;;;;;;;;;;;;;;;;;;;;;;;;;;;;;;;;;;;;;;;;;;;;;;;;
台州市亚凯光学眼镜有限公司;https://shop1437670444263.1688.com;1;45;https://detail.1688.com/offer/645372556555.html;;;;;;;;;;;;;;;;;;;;;;;;;;;;;;;;;;;;;;;;;;;;;;;;;;;;;;;;;;;;;;;;;;;;;;;;;;;;;;;;;;;;;;;;;;;;;;;;;;;;;;;;;;;;;;;;;;;;;;;;;;;;;;;;;;;;;;;;;;;;;;;;;;;;;;;;;;;;;;;;;;;;;;;;;;;;;;;;;;;;;;;;;;;;;;;;
临海市禾利眼镜厂;https://shop99612m98z8785.1688.com;1;45;https://detail.1688.com/offer/654581969562.html;;;;;;;;;;;;;;;;;;;;;;;;;;;;;;;;;;;;;;;;;;;;;;;;;;;;;;;;;;;;;;;;;;;;;;;;;;;;;;;;;;;;;;;;;;;;;;;;;;;;;;;;;;;;;;;;;;;;;;;;;;;;;;;;;;;;;;;;;;;;;;;;;;;;;;;;;;;;;;;;;;;;;;;;;;;;;;;;;;;;;;;;;;;;;;;;
义乌市圣锦日用品有限公司;https://shop1409935276977.1688.com;1;45;https://detail.1688.com/offer/569607718839.html;;;;;;;;;;;;;;;;;;;;;;;;;;;;;;;;;;;;;;;;;;;;;;;;;;;;;;;;;;;;;;;;;;;;;;;;;;;;;;;;;;;;;;;;;;;;;;;;;;;;;;;;;;;;;;;;;;;;;;;;;;;;;;;;;;;;;;;;;;;;;;;;;;;;;;;;;;;;;;;;;;;;;;;;;;;;;;;;;;;;;;;;;;;;;;;;
台州市椒江冰洁眼镜厂;https://shop1488925606529.1688.com;1;45;https://detail.1688.com/offer/561606010378.html;;;;;;;;;;;;;;;;;;;;;;;;;;;;;;;;;;;;;;;;;;;;;;;;;;;;;;;;;;;;;;;;;;;;;;;;;;;;;;;;;;;;;;;;;;;;;;;;;;;;;;;;;;;;;;;;;;;;;;;;;;;;;;;;;;;;;;;;;;;;;;;;;;;;;;;;;;;;;;;;;;;;;;;;;;;;;;;;;;;;;;;;;;;;;;;;
浙江铂瑞实业有限公司;https://shop5qf0495955606.1688.com;1;45;https://detail.1688.com/offer/605313242808.html;;;;;;;;;;;;;;;;;;;;;;;;;;;;;;;;;;;;;;;;;;;;;;;;;;;;;;;;;;;;;;;;;;;;;;;;;;;;;;;;;;;;;;;;;;;;;;;;;;;;;;;;;;;;;;;;;;;;;;;;;;;;;;;;;;;;;;;;;;;;;;;;;;;;;;;;;;;;;;;;;;;;;;;;;;;;;;;;;;;;;;;;;;;;;;;;
义乌市渡集电子商务商行;https://shop4566n364wn506.1688.com;1;45;https://detail.1688.com/offer/652167187968.html;;;;;;;;;;;;;;;;;;;;;;;;;;;;;;;;;;;;;;;;;;;;;;;;;;;;;;;;;;;;;;;;;;;;;;;;;;;;;;;;;;;;;;;;;;;;;;;;;;;;;;;;;;;;;;;;;;;;;;;;;;;;;;;;;;;;;;;;;;;;;;;;;;;;;;;;;;;;;;;;;;;;;;;;;;;;;;;;;;;;;;;;;;;;;;;;
台州市椒江梦朗眼镜厂;https://shop1415724136827.1688.com;1;45;https://detail.1688.com/offer/561719543804.html;;;;;;;;;;;;;;;;;;;;;;;;;;;;;;;;;;;;;;;;;;;;;;;;;;;;;;;;;;;;;;;;;;;;;;;;;;;;;;;;;;;;;;;;;;;;;;;;;;;;;;;;;;;;;;;;;;;;;;;;;;;;;;;;;;;;;;;;;;;;;;;;;;;;;;;;;;;;;;;;;;;;;;;;;;;;;;;;;;;;;;;;;;;;;;;;
临海市宝奥眼镜有限公司;https://shop1438016179520.1688.com;1;45;https://detail.1688.com/offer/569043516061.html;;;;;;;;;;;;;;;;;;;;;;;;;;;;;;;;;;;;;;;;;;;;;;;;;;;;;;;;;;;;;;;;;;;;;;;;;;;;;;;;;;;;;;;;;;;;;;;;;;;;;;;;;;;;;;;;;;;;;;;;;;;;;;;;;;;;;;;;;;;;;;;;;;;;;;;;;;;;;;;;;;;;;;;;;;;;;;;;;;;;;;;;;;;;;;;;
义乌市沙白电子商务商行;https://shop5i5807496l7n5.1688.com;1;45;https://detail.1688.com/offer/651209034596.html;;;;;;;;;;;;;;;;;;;;;;;;;;;;;;;;;;;;;;;;;;;;;;;;;;;;;;;;;;;;;;;;;;;;;;;;;;;;;;;;;;;;;;;;;;;;;;;;;;;;;;;;;;;;;;;;;;;;;;;;;;;;;;;;;;;;;;;;;;;;;;;;;;;;;;;;;;;;;;;;;;;;;;;;;;;;;;;;;;;;;;;;;;;;;;;;
丰泽区迅凝百货商行;https://shop3k3x073924i15.1688.com;1;45;https://detail.1688.com/offer/652639335775.html;;;;;;;;;;;;;;;;;;;;;;;;;;;;;;;;;;;;;;;;;;;;;;;;;;;;;;;;;;;;;;;;;;;;;;;;;;;;;;;;;;;;;;;;;;;;;;;;;;;;;;;;;;;;;;;;;;;;;;;;;;;;;;;;;;;;;;;;;;;;;;;;;;;;;;;;;;;;;;;;;;;;;;;;;;;;;;;;;;;;;;;;;;;;;;;;
永定区绥赤睿网店;https://shop37183y9e21561.1688.com;1;45;https://detail.1688.com/offer/635934669173.html;;;;;;;;;;;;;;;;;;;;;;;;;;;;;;;;;;;;;;;;;;;;;;;;;;;;;;;;;;;;;;;;;;;;;;;;;;;;;;;;;;;;;;;;;;;;;;;;;;;;;;;;;;;;;;;;;;;;;;;;;;;;;;;;;;;;;;;;;;;;;;;;;;;;;;;;;;;;;;;;;;;;;;;;;;;;;;;;;;;;;;;;;;;;;;;;
台州庄里洋贸易有限公司;https://shop04l61593407j5.1688.com;1;45;https://detail.1688.com/offer/654884229764.html;;;;;;;;;;;;;;;;;;;;;;;;;;;;;;;;;;;;;;;;;;;;;;;;;;;;;;;;;;;;;;;;;;;;;;;;;;;;;;;;;;;;;;;;;;;;;;;;;;;;;;;;;;;;;;;;;;;;;;;;;;;;;;;;;;;;;;;;;;;;;;;;;;;;;;;;;;;;;;;;;;;;;;;;;;;;;;;;;;;;;;;;;;;;;;;;
义乌市梳云饰品有限公司;https://shop2f922888d8224.1688.com;1;45;https://detail.1688.com/offer/654705683127.html;;;;;;;;;;;;;;;;;;;;;;;;;;;;;;;;;;;;;;;;;;;;;;;;;;;;;;;;;;;;;;;;;;;;;;;;;;;;;;;;;;;;;;;;;;;;;;;;;;;;;;;;;;;;;;;;;;;;;;;;;;;;;;;;;;;;;;;;;;;;;;;;;;;;;;;;;;;;;;;;;;;;;;;;;;;;;;;;;;;;;;;;;;;;;;;;
深圳市南山区心玥汽车用品店;https://shop76392587j0988.1688.com;1;45;https://detail.1688.com/offer/639857279117.html;;;;;;;;;;;;;;;;;;;;;;;;;;;;;;;;;;;;;;;;;;;;;;;;;;;;;;;;;;;;;;;;;;;;;;;;;;;;;;;;;;;;;;;;;;;;;;;;;;;;;;;;;;;;;;;;;;;;;;;;;;;;;;;;;;;;;;;;;;;;;;;;;;;;;;;;;;;;;;;;;;;;;;;;;;;;;;;;;;;;;;;;;;;;;;;;
姑苏区慕柠服饰商行;https://shop31q79g76583y2.1688.com;1;45;https://detail.1688.com/offer/648155610059.html;;;;;;;;;;;;;;;;;;;;;;;;;;;;;;;;;;;;;;;;;;;;;;;;;;;;;;;;;;;;;;;;;;;;;;;;;;;;;;;;;;;;;;;;;;;;;;;;;;;;;;;;;;;;;;;;;;;;;;;;;;;;;;;;;;;;;;;;;;;;;;;;;;;;;;;;;;;;;;;;;;;;;;;;;;;;;;;;;;;;;;;;;;;;;;;;
义乌市踏步贸易有限公司;https://tbscarf.1688.com;1;45;https://detail.1688.com/offer/651731241593.html;;;;;;;;;;;;;;;;;;;;;;;;;;;;;;;;;;;;;;;;;;;;;;;;;;;;;;;;;;;;;;;;;;;;;;;;;;;;;;;;;;;;;;;;;;;;;;;;;;;;;;;;;;;;;;;;;;;;;;;;;;;;;;;;;;;;;;;;;;;;;;;;;;;;;;;;;;;;;;;;;;;;;;;;;;;;;;;;;;;;;;;;;;;;;;;;
义乌市豫宇贸易商行;https://shop51945gg18x539.1688.com;1;45;https://detail.1688.com/offer/642172761103.html;;;;;;;;;;;;;;;;;;;;;;;;;;;;;;;;;;;;;;;;;;;;;;;;;;;;;;;;;;;;;;;;;;;;;;;;;;;;;;;;;;;;;;;;;;;;;;;;;;;;;;;;;;;;;;;;;;;;;;;;;;;;;;;;;;;;;;;;;;;;;;;;;;;;;;;;;;;;;;;;;;;;;;;;;;;;;;;;;;;;;;;;;;;;;;;;
义乌市艾琪饰品有限公司;https://shop1427993513233.1688.com;1;45;https://detail.1688.com/offer/614001907850.html;;;;;;;;;;;;;;;;;;;;;;;;;;;;;;;;;;;;;;;;;;;;;;;;;;;;;;;;;;;;;;;;;;;;;;;;;;;;;;;;;;;;;;;;;;;;;;;;;;;;;;;;;;;;;;;;;;;;;;;;;;;;;;;;;;;;;;;;;;;;;;;;;;;;;;;;;;;;;;;;;;;;;;;;;;;;;;;;;;;;;;;;;;;;;;;;
义乌市桎恩电子商务商行;https://shop359o4z52041f4.1688.com;1;45;https://detail.1688.com/offer/632536997279.html;;;;;;;;;;;;;;;;;;;;;;;;;;;;;;;;;;;;;;;;;;;;;;;;;;;;;;;;;;;;;;;;;;;;;;;;;;;;;;;;;;;;;;;;;;;;;;;;;;;;;;;;;;;;;;;;;;;;;;;;;;;;;;;;;;;;;;;;;;;;;;;;;;;;;;;;;;;;;;;;;;;;;;;;;;;;;;;;;;;;;;;;;;;;;;;;
深圳市冰景动漫玩具有限公司;https://shop8260941p55963.1688.com;1;45;https://detail.1688.com/offer/621110514180.html;;;;;;;;;;;;;;;;;;;;;;;;;;;;;;;;;;;;;;;;;;;;;;;;;;;;;;;;;;;;;;;;;;;;;;;;;;;;;;;;;;;;;;;;;;;;;;;;;;;;;;;;;;;;;;;;;;;;;;;;;;;;;;;;;;;;;;;;;;;;;;;;;;;;;;;;;;;;;;;;;;;;;;;;;;;;;;;;;;;;;;;;;;;;;;;;
西湖区蓝胖子汽车用品商行;https://lanpangzitoy.1688.com;1;45;https://detail.1688.com/offer/616580885817.html;;;;;;;;;;;;;;;;;;;;;;;;;;;;;;;;;;;;;;;;;;;;;;;;;;;;;;;;;;;;;;;;;;;;;;;;;;;;;;;;;;;;;;;;;;;;;;;;;;;;;;;;;;;;;;;;;;;;;;;;;;;;;;;;;;;;;;;;;;;;;;;;;;;;;;;;;;;;;;;;;;;;;;;;;;;;;;;;;;;;;;;;;;;;;;;;
灌云县曼妙尤黎服装厂;https://shop0xip325484000.1688.com;1;45;https://detail.1688.com/offer/643482995419.html;;;;;;;;;;;;;;;;;;;;;;;;;;;;;;;;;;;;;;;;;;;;;;;;;;;;;;;;;;;;;;;;;;;;;;;;;;;;;;;;;;;;;;;;;;;;;;;;;;;;;;;;;;;;;;;;;;;;;;;;;;;;;;;;;;;;;;;;;;;;;;;;;;;;;;;;;;;;;;;;;;;;;;;;;;;;;;;;;;;;;;;;;;;;;;;;
临海市丽莎眼镜厂;https://lishasunglasses.1688.com;1;45;https://detail.1688.com/offer/42787442169.html;;;;;;;;;;;;;;;;;;;;;;;;;;;;;;;;;;;;;;;;;;;;;;;;;;;;;;;;;;;;;;;;;;;;;;;;;;;;;;;;;;;;;;;;;;;;;;;;;;;;;;;;;;;;;;;;;;;;;;;;;;;;;;;;;;;;;;;;;;;;;;;;;;;;;;;;;;;;;;;;;;;;;;;;;;;;;;;;;;;;;;;;;;;;;;;;
义乌市默笙饰品厂;https://fanshenggongyi.1688.com;1;45;https://detail.1688.com/offer/573806094449.html;;;;;;;;;;;;;;;;;;;;;;;;;;;;;;;;;;;;;;;;;;;;;;;;;;;;;;;;;;;;;;;;;;;;;;;;;;;;;;;;;;;;;;;;;;;;;;;;;;;;;;;;;;;;;;;;;;;;;;;;;;;;;;;;;;;;;;;;;;;;;;;;;;;;;;;;;;;;;;;;;;;;;;;;;;;;;;;;;;;;;;;;;;;;;;;;
义乌市南欢电子商务商行;https://shop1404406743976.1688.com;1;45;https://detail.1688.com/offer/599025405296.html;;;;;;;;;;;;;;;;;;;;;;;;;;;;;;;;;;;;;;;;;;;;;;;;;;;;;;;;;;;;;;;;;;;;;;;;;;;;;;;;;;;;;;;;;;;;;;;;;;;;;;;;;;;;;;;;;;;;;;;;;;;;;;;;;;;;;;;;;;;;;;;;;;;;;;;;;;;;;;;;;;;;;;;;;;;;;;;;;;;;;;;;;;;;;;;;
龙港市淡雅电子商务商行;https://shop36177b11492o3.1688.com;1;45;https://detail.1688.com/offer/654658290643.html;;;;;;;;;;;;;;;;;;;;;;;;;;;;;;;;;;;;;;;;;;;;;;;;;;;;;;;;;;;;;;;;;;;;;;;;;;;;;;;;;;;;;;;;;;;;;;;;;;;;;;;;;;;;;;;;;;;;;;;;;;;;;;;;;;;;;;;;;;;;;;;;;;;;;;;;;;;;;;;;;;;;;;;;;;;;;;;;;;;;;;;;;;;;;;;;
新沂市延之伟服装店;https://shop3e4g3rq003376.1688.com;1;45;https://detail.1688.com/offer/652549151579.html;;;;;;;;;;;;;;;;;;;;;;;;;;;;;;;;;;;;;;;;;;;;;;;;;;;;;;;;;;;;;;;;;;;;;;;;;;;;;;;;;;;;;;;;;;;;;;;;;;;;;;;;;;;;;;;;;;;;;;;;;;;;;;;;;;;;;;;;;;;;;;;;;;;;;;;;;;;;;;;;;;;;;;;;;;;;;;;;;;;;;;;;;;;;;;;;
佛山市禅城区锦途服装厂;https://shop6c43t43972949.1688.com;1;45;https://detail.1688.com/offer/654425804491.html;;;;;;;;;;;;;;;;;;;;;;;;;;;;;;;;;;;;;;;;;;;;;;;;;;;;;;;;;;;;;;;;;;;;;;;;;;;;;;;;;;;;;;;;;;;;;;;;;;;;;;;;;;;;;;;;;;;;;;;;;;;;;;;;;;;;;;;;;;;;;;;;;;;;;;;;;;;;;;;;;;;;;;;;;;;;;;;;;;;;;;;;;;;;;;;;
建德市下涯镇蕃豆贸易商行;https://shop4544419750v06.1688.com;1;45;https://detail.1688.com/offer/654232175419.html;;;;;;;;;;;;;;;;;;;;;;;;;;;;;;;;;;;;;;;;;;;;;;;;;;;;;;;;;;;;;;;;;;;;;;;;;;;;;;;;;;;;;;;;;;;;;;;;;;;;;;;;;;;;;;;;;;;;;;;;;;;;;;;;;;;;;;;;;;;;;;;;;;;;;;;;;;;;;;;;;;;;;;;;;;;;;;;;;;;;;;;;;;;;;;;;
深圳市宝安区沙井利丰宝石首饰厂;https://lfjewellery.1688.com;1;45;https://detail.1688.com/offer/565810684177.html;;;;;;;;;;;;;;;;;;;;;;;;;;;;;;;;;;;;;;;;;;;;;;;;;;;;;;;;;;;;;;;;;;;;;;;;;;;;;;;;;;;;;;;;;;;;;;;;;;;;;;;;;;;;;;;;;;;;;;;;;;;;;;;;;;;;;;;;;;;;;;;;;;;;;;;;;;;;;;;;;;;;;;;;;;;;;;;;;;;;;;;;;;;;;;;;
鑫浪号（广州）电子商务商行;https://shop0291996291mq8.1688.com;1;45;https://detail.1688.com/offer/651168897320.html;;;;;;;;;;;;;;;;;;;;;;;;;;;;;;;;;;;;;;;;;;;;;;;;;;;;;;;;;;;;;;;;;;;;;;;;;;;;;;;;;;;;;;;;;;;;;;;;;;;;;;;;;;;;;;;;;;;;;;;;;;;;;;;;;;;;;;;;;;;;;;;;;;;;;;;;;;;;;;;;;;;;;;;;;;;;;;;;;;;;;;;;;;;;;;;;
佛山市悦铠电子商务有限公司;https://shop806r035953d36.1688.com;1;45;https://detail.1688.com/offer/655801966761.html;;;;;;;;;;;;;;;;;;;;;;;;;;;;;;;;;;;;;;;;;;;;;;;;;;;;;;;;;;;;;;;;;;;;;;;;;;;;;;;;;;;;;;;;;;;;;;;;;;;;;;;;;;;;;;;;;;;;;;;;;;;;;;;;;;;;;;;;;;;;;;;;;;;;;;;;;;;;;;;;;;;;;;;;;;;;;;;;;;;;;;;;;;;;;;;;
东莞市渼林塑胶制品有限公司;https://shop5153d11160814.1688.com;1;45;https://detail.1688.com/offer/649001096496.html;;;;;;;;;;;;;;;;;;;;;;;;;;;;;;;;;;;;;;;;;;;;;;;;;;;;;;;;;;;;;;;;;;;;;;;;;;;;;;;;;;;;;;;;;;;;;;;;;;;;;;;;;;;;;;;;;;;;;;;;;;;;;;;;;;;;;;;;;;;;;;;;;;;;;;;;;;;;;;;;;;;;;;;;;;;;;;;;;;;;;;;;;;;;;;;;
广州市新盈贸易有限公司;https://shop1963372r81463.1688.com;1;45;https://detail.1688.com/offer/647513252984.html;;;;;;;;;;;;;;;;;;;;;;;;;;;;;;;;;;;;;;;;;;;;;;;;;;;;;;;;;;;;;;;;;;;;;;;;;;;;;;;;;;;;;;;;;;;;;;;;;;;;;;;;;;;;;;;;;;;;;;;;;;;;;;;;;;;;;;;;;;;;;;;;;;;;;;;;;;;;;;;;;;;;;;;;;;;;;;;;;;;;;;;;;;;;;;;;
义乌市欧克户外用品有限公司;https://shop1468601532239.1688.com;1;45;https://detail.1688.com/offer/654186344081.html;;;;;;;;;;;;;;;;;;;;;;;;;;;;;;;;;;;;;;;;;;;;;;;;;;;;;;;;;;;;;;;;;;;;;;;;;;;;;;;;;;;;;;;;;;;;;;;;;;;;;;;;;;;;;;;;;;;;;;;;;;;;;;;;;;;;;;;;;;;;;;;;;;;;;;;;;;;;;;;;;;;;;;;;;;;;;;;;;;;;;;;;;;;;;;;;
义乌市海杉电子商务商行;https://shop42p89p9l78120.1688.com;1;45;https://detail.1688.com/offer/620249169494.html;;;;;;;;;;;;;;;;;;;;;;;;;;;;;;;;;;;;;;;;;;;;;;;;;;;;;;;;;;;;;;;;;;;;;;;;;;;;;;;;;;;;;;;;;;;;;;;;;;;;;;;;;;;;;;;;;;;;;;;;;;;;;;;;;;;;;;;;;;;;;;;;;;;;;;;;;;;;;;;;;;;;;;;;;;;;;;;;;;;;;;;;;;;;;;;;
高新区枫桥宏好来百货商行;https://shop8784817a1ii29.1688.com;1;45;https://detail.1688.com/offer/651928541981.html;;;;;;;;;;;;;;;;;;;;;;;;;;;;;;;;;;;;;;;;;;;;;;;;;;;;;;;;;;;;;;;;;;;;;;;;;;;;;;;;;;;;;;;;;;;;;;;;;;;;;;;;;;;;;;;;;;;;;;;;;;;;;;;;;;;;;;;;;;;;;;;;;;;;;;;;;;;;;;;;;;;;;;;;;;;;;;;;;;;;;;;;;;;;;;;;
荔城区镇海陈魁百货经营部;https://shop3e32w76335458.1688.com;1;45;https://detail.1688.com/offer/649953830873.html;;;;;;;;;;;;;;;;;;;;;;;;;;;;;;;;;;;;;;;;;;;;;;;;;;;;;;;;;;;;;;;;;;;;;;;;;;;;;;;;;;;;;;;;;;;;;;;;;;;;;;;;;;;;;;;;;;;;;;;;;;;;;;;;;;;;;;;;;;;;;;;;;;;;;;;;;;;;;;;;;;;;;;;;;;;;;;;;;;;;;;;;;;;;;;;;
义乌市宏霞日用百货商行;https://shop844611315i951.1688.com;1;45;https://detail.1688.com/offer/654076773508.html;;;;;;;;;;;;;;;;;;;;;;;;;;;;;;;;;;;;;;;;;;;;;;;;;;;;;;;;;;;;;;;;;;;;;;;;;;;;;;;;;;;;;;;;;;;;;;;;;;;;;;;;;;;;;;;;;;;;;;;;;;;;;;;;;;;;;;;;;;;;;;;;;;;;;;;;;;;;;;;;;;;;;;;;;;;;;;;;;;;;;;;;;;;;;;;;
义乌市湘捺电子商务商行;https://shop93991424c6965.1688.com;1;45;https://detail.1688.com/offer/655651002976.html;;;;;;;;;;;;;;;;;;;;;;;;;;;;;;;;;;;;;;;;;;;;;;;;;;;;;;;;;;;;;;;;;;;;;;;;;;;;;;;;;;;;;;;;;;;;;;;;;;;;;;;;;;;;;;;;;;;;;;;;;;;;;;;;;;;;;;;;;;;;;;;;;;;;;;;;;;;;;;;;;;;;;;;;;;;;;;;;;;;;;;;;;;;;;;;;
长沙市天心区常畅百货商行;https://shop67370530545j3.1688.com;1;45;https://detail.1688.com/offer/652071615211.html;;;;;;;;;;;;;;;;;;;;;;;;;;;;;;;;;;;;;;;;;;;;;;;;;;;;;;;;;;;;;;;;;;;;;;;;;;;;;;;;;;;;;;;;;;;;;;;;;;;;;;;;;;;;;;;;;;;;;;;;;;;;;;;;;;;;;;;;;;;;;;;;;;;;;;;;;;;;;;;;;;;;;;;;;;;;;;;;;;;;;;;;;;;;;;;;
金华市暖朵工艺品有限公司;https://nuanduo.1688.com;1;45;https://detail.1688.com/offer/552560855557.html;;;;;;;;;;;;;;;;;;;;;;;;;;;;;;;;;;;;;;;;;;;;;;;;;;;;;;;;;;;;;;;;;;;;;;;;;;;;;;;;;;;;;;;;;;;;;;;;;;;;;;;;;;;;;;;;;;;;;;;;;;;;;;;;;;;;;;;;;;;;;;;;;;;;;;;;;;;;;;;;;;;;;;;;;;;;;;;;;;;;;;;;;;;;;;;;
临海市嘉万眼镜有限公司;https://shop22742m192sm57.1688.com;1;45;https://detail.1688.com/offer/654405429425.html;;;;;;;;;;;;;;;;;;;;;;;;;;;;;;;;;;;;;;;;;;;;;;;;;;;;;;;;;;;;;;;;;;;;;;;;;;;;;;;;;;;;;;;;;;;;;;;;;;;;;;;;;;;;;;;;;;;;;;;;;;;;;;;;;;;;;;;;;;;;;;;;;;;;;;;;;;;;;;;;;;;;;;;;;;;;;;;;;;;;;;;;;;;;;;;;
东莞市虎门聚美玩具加工厂（普通合伙）;https://jumeiwanju.1688.com;1;45;https://detail.1688.com/offer/614739016695.html;;;;;;;;;;;;;;;;;;;;;;;;;;;;;;;;;;;;;;;;;;;;;;;;;;;;;;;;;;;;;;;;;;;;;;;;;;;;;;;;;;;;;;;;;;;;;;;;;;;;;;;;;;;;;;;;;;;;;;;;;;;;;;;;;;;;;;;;;;;;;;;;;;;;;;;;;;;;;;;;;;;;;;;;;;;;;;;;;;;;;;;;;;;;;;;;
汕头市罗维玩具有限公司;https://luowei.1688.com;1;45;https://detail.1688.com/offer/617057074557.html;;;;;;;;;;;;;;;;;;;;;;;;;;;;;;;;;;;;;;;;;;;;;;;;;;;;;;;;;;;;;;;;;;;;;;;;;;;;;;;;;;;;;;;;;;;;;;;;;;;;;;;;;;;;;;;;;;;;;;;;;;;;;;;;;;;;;;;;;;;;;;;;;;;;;;;;;;;;;;;;;;;;;;;;;;;;;;;;;;;;;;;;;;;;;;;;
山东艾沃电子商务有限公司;https://shop78r0468430w14.1688.com;1;45;https://detail.1688.com/offer/602687946854.html;;;;;;;;;;;;;;;;;;;;;;;;;;;;;;;;;;;;;;;;;;;;;;;;;;;;;;;;;;;;;;;;;;;;;;;;;;;;;;;;;;;;;;;;;;;;;;;;;;;;;;;;;;;;;;;;;;;;;;;;;;;;;;;;;;;;;;;;;;;;;;;;;;;;;;;;;;;;;;;;;;;;;;;;;;;;;;;;;;;;;;;;;;;;;;;;
宁波鼎哲电子商务有限公司;https://dingzhe.1688.com;1;45;https://detail.1688.com/offer/535594045026.html;;;;;;;;;;;;;;;;;;;;;;;;;;;;;;;;;;;;;;;;;;;;;;;;;;;;;;;;;;;;;;;;;;;;;;;;;;;;;;;;;;;;;;;;;;;;;;;;;;;;;;;;;;;;;;;;;;;;;;;;;;;;;;;;;;;;;;;;;;;;;;;;;;;;;;;;;;;;;;;;;;;;;;;;;;;;;;;;;;;;;;;;;;;;;;;;
义乌市众薇饰品有限公司;https://shop1478796546173.1688.com;1;46;https://detail.1688.com/offer/556707043191.html;;;;;;;;;;;;;;;;;;;;;;;;;;;;;;;;;;;;;;;;;;;;;;;;;;;;;;;;;;;;;;;;;;;;;;;;;;;;;;;;;;;;;;;;;;;;;;;;;;;;;;;;;;;;;;;;;;;;;;;;;;;;;;;;;;;;;;;;;;;;;;;;;;;;;;;;;;;;;;;;;;;;;;;;;;;;;;;;;;;;;;;;;;;;;;;;
山西转型综改示范区阳曲园区威威饰品店;https://shop1002466299356.1688.com;1;46;https://detail.1688.com/offer/629515843337.html;;;;;;;;;;;;;;;;;;;;;;;;;;;;;;;;;;;;;;;;;;;;;;;;;;;;;;;;;;;;;;;;;;;;;;;;;;;;;;;;;;;;;;;;;;;;;;;;;;;;;;;;;;;;;;;;;;;;;;;;;;;;;;;;;;;;;;;;;;;;;;;;;;;;;;;;;;;;;;;;;;;;;;;;;;;;;;;;;;;;;;;;;;;;;;;;
义乌市叶凡饰品有限公司;https://shop835048h9553z4.1688.com;1;46;https://detail.1688.com/offer/569205875940.html;;;;;;;;;;;;;;;;;;;;;;;;;;;;;;;;;;;;;;;;;;;;;;;;;;;;;;;;;;;;;;;;;;;;;;;;;;;;;;;;;;;;;;;;;;;;;;;;;;;;;;;;;;;;;;;;;;;;;;;;;;;;;;;;;;;;;;;;;;;;;;;;;;;;;;;;;;;;;;;;;;;;;;;;;;;;;;;;;;;;;;;;;;;;;;;;
通山县松书百货店;https://shop500dkr3946178.1688.com;1;46;https://detail.1688.com/offer/641013501069.html;;;;;;;;;;;;;;;;;;;;;;;;;;;;;;;;;;;;;;;;;;;;;;;;;;;;;;;;;;;;;;;;;;;;;;;;;;;;;;;;;;;;;;;;;;;;;;;;;;;;;;;;;;;;;;;;;;;;;;;;;;;;;;;;;;;;;;;;;;;;;;;;;;;;;;;;;;;;;;;;;;;;;;;;;;;;;;;;;;;;;;;;;;;;;;;;
义乌市饰虹电子商务商行;https://shop6u1298i55j874.1688.com;1;46;https://detail.1688.com/offer/655450729169.html;;;;;;;;;;;;;;;;;;;;;;;;;;;;;;;;;;;;;;;;;;;;;;;;;;;;;;;;;;;;;;;;;;;;;;;;;;;;;;;;;;;;;;;;;;;;;;;;;;;;;;;;;;;;;;;;;;;;;;;;;;;;;;;;;;;;;;;;;;;;;;;;;;;;;;;;;;;;;;;;;;;;;;;;;;;;;;;;;;;;;;;;;;;;;;;;
义乌市驹瀚电子商务有限公司;https://shop1466528937621.1688.com;1;46;https://detail.1688.com/offer/534423832169.html;;;;;;;;;;;;;;;;;;;;;;;;;;;;;;;;;;;;;;;;;;;;;;;;;;;;;;;;;;;;;;;;;;;;;;;;;;;;;;;;;;;;;;;;;;;;;;;;;;;;;;;;;;;;;;;;;;;;;;;;;;;;;;;;;;;;;;;;;;;;;;;;;;;;;;;;;;;;;;;;;;;;;;;;;;;;;;;;;;;;;;;;;;;;;;;;
义乌市金萍饰品厂;https://shop1s12806v12876.1688.com;1;46;https://detail.1688.com/offer/613959942823.html;;;;;;;;;;;;;;;;;;;;;;;;;;;;;;;;;;;;;;;;;;;;;;;;;;;;;;;;;;;;;;;;;;;;;;;;;;;;;;;;;;;;;;;;;;;;;;;;;;;;;;;;;;;;;;;;;;;;;;;;;;;;;;;;;;;;;;;;;;;;;;;;;;;;;;;;;;;;;;;;;;;;;;;;;;;;;;;;;;;;;;;;;;;;;;;;
苍南县德勒饰品厂;https://shop1397235448495.1688.com;1;46;https://detail.1688.com/offer/535435714421.html;;;;;;;;;;;;;;;;;;;;;;;;;;;;;;;;;;;;;;;;;;;;;;;;;;;;;;;;;;;;;;;;;;;;;;;;;;;;;;;;;;;;;;;;;;;;;;;;;;;;;;;;;;;;;;;;;;;;;;;;;;;;;;;;;;;;;;;;;;;;;;;;;;;;;;;;;;;;;;;;;;;;;;;;;;;;;;;;;;;;;;;;;;;;;;;;
义乌市豫强贸易有限公司;https://shop4ngr233328236.1688.com;1;46;https://detail.1688.com/offer/554002216972.html;;;;;;;;;;;;;;;;;;;;;;;;;;;;;;;;;;;;;;;;;;;;;;;;;;;;;;;;;;;;;;;;;;;;;;;;;;;;;;;;;;;;;;;;;;;;;;;;;;;;;;;;;;;;;;;;;;;;;;;;;;;;;;;;;;;;;;;;;;;;;;;;;;;;;;;;;;;;;;;;;;;;;;;;;;;;;;;;;;;;;;;;;;;;;;;;
义乌市三佳电子商务商行;https://shop622p90j435122.1688.com;1;46;https://detail.1688.com/offer/575464802306.html;;;;;;;;;;;;;;;;;;;;;;;;;;;;;;;;;;;;;;;;;;;;;;;;;;;;;;;;;;;;;;;;;;;;;;;;;;;;;;;;;;;;;;;;;;;;;;;;;;;;;;;;;;;;;;;;;;;;;;;;;;;;;;;;;;;;;;;;;;;;;;;;;;;;;;;;;;;;;;;;;;;;;;;;;;;;;;;;;;;;;;;;;;;;;;;;
义乌市袁朕电子商务商行;https://shop1370624113472.1688.com;1;47;https://detail.1688.com/offer/537781746150.html;;;;;;;;;;;;;;;;;;;;;;;;;;;;;;;;;;;;;;;;;;;;;;;;;;;;;;;;;;;;;;;;;;;;;;;;;;;;;;;;;;;;;;;;;;;;;;;;;;;;;;;;;;;;;;;;;;;;;;;;;;;;;;;;;;;;;;;;;;;;;;;;;;;;;;;;;;;;;;;;;;;;;;;;;;;;;;;;;;;;;;;;;;;;;;;;
深圳市龙岗区潮流前卫服饰商行;https://shop1480092526180.1688.com;1;48;https://detail.1688.com/offer/653794585868.html;;;;;;;;;;;;;;;;;;;;;;;;;;;;;;;;;;;;;;;;;;;;;;;;;;;;;;;;;;;;;;;;;;;;;;;;;;;;;;;;;;;;;;;;;;;;;;;;;;;;;;;;;;;;;;;;;;;;;;;;;;;;;;;;;;;;;;;;;;;;;;;;;;;;;;;;;;;;;;;;;;;;;;;;;;;;;;;;;;;;;;;;;;;;;;;;
义乌市萨加朵服饰有限公司;https://shop3p293356p9948.1688.com;1;48;https://detail.1688.com/offer/639272523025.html;;;;;;;;;;;;;;;;;;;;;;;;;;;;;;;;;;;;;;;;;;;;;;;;;;;;;;;;;;;;;;;;;;;;;;;;;;;;;;;;;;;;;;;;;;;;;;;;;;;;;;;;;;;;;;;;;;;;;;;;;;;;;;;;;;;;;;;;;;;;;;;;;;;;;;;;;;;;;;;;;;;;;;;;;;;;;;;;;;;;;;;;;;;;;;;;
义乌市懿轩电子商务有限公司;https://13757958372.1688.com;1;48;https://detail.1688.com/offer/654697752835.html;;;;;;;;;;;;;;;;;;;;;;;;;;;;;;;;;;;;;;;;;;;;;;;;;;;;;;;;;;;;;;;;;;;;;;;;;;;;;;;;;;;;;;;;;;;;;;;;;;;;;;;;;;;;;;;;;;;;;;;;;;;;;;;;;;;;;;;;;;;;;;;;;;;;;;;;;;;;;;;;;;;;;;;;;;;;;;;;;;;;;;;;;;;;;;;;
台州市黄岩院桥超鑫帽厂;https://chaoxinmaoye.1688.com;1;48;https://detail.1688.com/offer/626191664468.html;;;;;;;;;;;;;;;;;;;;;;;;;;;;;;;;;;;;;;;;;;;;;;;;;;;;;;;;;;;;;;;;;;;;;;;;;;;;;;;;;;;;;;;;;;;;;;;;;;;;;;;;;;;;;;;;;;;;;;;;;;;;;;;;;;;;;;;;;;;;;;;;;;;;;;;;;;;;;;;;;;;;;;;;;;;;;;;;;;;;;;;;;;;;;;;;
义乌市万莹服饰有限公司;https://shop0la151v191677.1688.com;1;48;https://detail.1688.com/offer/651119008027.html;;;;;;;;;;;;;;;;;;;;;;;;;;;;;;;;;;;;;;;;;;;;;;;;;;;;;;;;;;;;;;;;;;;;;;;;;;;;;;;;;;;;;;;;;;;;;;;;;;;;;;;;;;;;;;;;;;;;;;;;;;;;;;;;;;;;;;;;;;;;;;;;;;;;;;;;;;;;;;;;;;;;;;;;;;;;;;;;;;;;;;;;;;;;;;;;
义乌市景皓帽厂;https://shop7487i5l1i1953.1688.com;1;49;https://detail.1688.com/offer/616520691654.html;;;;;;;;;;;;;;;;;;;;;;;;;;;;;;;;;;;;;;;;;;;;;;;;;;;;;;;;;;;;;;;;;;;;;;;;;;;;;;;;;;;;;;;;;;;;;;;;;;;;;;;;;;;;;;;;;;;;;;;;;;;;;;;;;;;;;;;;;;;;;;;;;;;;;;;;;;;;;;;;;;;;;;;;;;;;;;;;;;;;;;;;;;;;;;;;
义乌市元亨帽业有限公司;https://shop9196y94086cc5.1688.com;1;49;https://detail.1688.com/offer/613637542521.html;;;;;;;;;;;;;;;;;;;;;;;;;;;;;;;;;;;;;;;;;;;;;;;;;;;;;;;;;;;;;;;;;;;;;;;;;;;;;;;;;;;;;;;;;;;;;;;;;;;;;;;;;;;;;;;;;;;;;;;;;;;;;;;;;;;;;;;;;;;;;;;;;;;;;;;;;;;;;;;;;;;;;;;;;;;;;;;;;;;;;;;;;;;;;;;;
白沟新城广妙帽子店;https://shop56a915ia76011.1688.com;1;49;https://detail.1688.com/offer/616745606533.html;;;;;;;;;;;;;;;;;;;;;;;;;;;;;;;;;;;;;;;;;;;;;;;;;;;;;;;;;;;;;;;;;;;;;;;;;;;;;;;;;;;;;;;;;;;;;;;;;;;;;;;;;;;;;;;;;;;;;;;;;;;;;;;;;;;;;;;;;;;;;;;;;;;;;;;;;;;;;;;;;;;;;;;;;;;;;;;;;;;;;;;;;;;;;;;;
义乌英芬饰品有限公司;https://shop1488860773522.1688.com;1;49;https://detail.1688.com/offer/625217331417.html;;;;;;;;;;;;;;;;;;;;;;;;;;;;;;;;;;;;;;;;;;;;;;;;;;;;;;;;;;;;;;;;;;;;;;;;;;;;;;;;;;;;;;;;;;;;;;;;;;;;;;;;;;;;;;;;;;;;;;;;;;;;;;;;;;;;;;;;;;;;;;;;;;;;;;;;;;;;;;;;;;;;;;;;;;;;;;;;;;;;;;;;;;;;;;;;
义乌市舒芙蕾电子商务有限公司;https://shop13293128a34i0.1688.com;1;49;https://detail.1688.com/offer/644634743845.html;;;;;;;;;;;;;;;;;;;;;;;;;;;;;;;;;;;;;;;;;;;;;;;;;;;;;;;;;;;;;;;;;;;;;;;;;;;;;;;;;;;;;;;;;;;;;;;;;;;;;;;;;;;;;;;;;;;;;;;;;;;;;;;;;;;;;;;;;;;;;;;;;;;;;;;;;;;;;;;;;;;;;;;;;;;;;;;;;;;;;;;;;;;;;;;;
义乌市岚茵电子商务有限公司;https://lanying.1688.com;1;49;https://detail.1688.com/offer/614034608879.html;;;;;;;;;;;;;;;;;;;;;;;;;;;;;;;;;;;;;;;;;;;;;;;;;;;;;;;;;;;;;;;;;;;;;;;;;;;;;;;;;;;;;;;;;;;;;;;;;;;;;;;;;;;;;;;;;;;;;;;;;;;;;;;;;;;;;;;;;;;;;;;;;;;;;;;;;;;;;;;;;;;;;;;;;;;;;;;;;;;;;;;;;;;;;;;;
义乌市润迅电子商务商行;https://beautysouth.1688.com;1;49;https://detail.1688.com/offer/641338634736.html;;;;;;;;;;;;;;;;;;;;;;;;;;;;;;;;;;;;;;;;;;;;;;;;;;;;;;;;;;;;;;;;;;;;;;;;;;;;;;;;;;;;;;;;;;;;;;;;;;;;;;;;;;;;;;;;;;;;;;;;;;;;;;;;;;;;;;;;;;;;;;;;;;;;;;;;;;;;;;;;;;;;;;;;;;;;;;;;;;;;;;;;;;;;;;;;
义乌市饰裳阁电子商务有限公司;https://shop265x5s6036848.1688.com;1;49;https://detail.1688.com/offer/621811210957.html;;;;;;;;;;;;;;;;;;;;;;;;;;;;;;;;;;;;;;;;;;;;;;;;;;;;;;;;;;;;;;;;;;;;;;;;;;;;;;;;;;;;;;;;;;;;;;;;;;;;;;;;;;;;;;;;;;;;;;;;;;;;;;;;;;;;;;;;;;;;;;;;;;;;;;;;;;;;;;;;;;;;;;;;;;;;;;;;;;;;;;;;;;;;;;;;
义乌市准康电子商务商行;https://shop1440055543328.1688.com;1;49;https://detail.1688.com/offer/615767230173.html;;;;;;;;;;;;;;;;;;;;;;;;;;;;;;;;;;;;;;;;;;;;;;;;;;;;;;;;;;;;;;;;;;;;;;;;;;;;;;;;;;;;;;;;;;;;;;;;;;;;;;;;;;;;;;;;;;;;;;;;;;;;;;;;;;;;;;;;;;;;;;;;;;;;;;;;;;;;;;;;;;;;;;;;;;;;;;;;;;;;;;;;;;;;;;;;
东阳市永思服饰有限公司;https://yongsifushi.1688.com;1;49;https://detail.1688.com/offer/639504328778.html;;;;;;;;;;;;;;;;;;;;;;;;;;;;;;;;;;;;;;;;;;;;;;;;;;;;;;;;;;;;;;;;;;;;;;;;;;;;;;;;;;;;;;;;;;;;;;;;;;;;;;;;;;;;;;;;;;;;;;;;;;;;;;;;;;;;;;;;;;;;;;;;;;;;;;;;;;;;;;;;;;;;;;;;;;;;;;;;;;;;;;;;;;;;;;;;
义乌市籽萌贸易有限公司;https://shop9466232p6p953.1688.com;1;49;https://detail.1688.com/offer/641651378238.html;;;;;;;;;;;;;;;;;;;;;;;;;;;;;;;;;;;;;;;;;;;;;;;;;;;;;;;;;;;;;;;;;;;;;;;;;;;;;;;;;;;;;;;;;;;;;;;;;;;;;;;;;;;;;;;;;;;;;;;;;;;;;;;;;;;;;;;;;;;;;;;;;;;;;;;;;;;;;;;;;;;;;;;;;;;;;;;;;;;;;;;;;;;;;;;;
义乌市派绮服饰有限公司;https://shop1466960656322.1688.com;1;49;https://detail.1688.com/offer/613891249199.html;;;;;;;;;;;;;;;;;;;;;;;;;;;;;;;;;;;;;;;;;;;;;;;;;;;;;;;;;;;;;;;;;;;;;;;;;;;;;;;;;;;;;;;;;;;;;;;;;;;;;;;;;;;;;;;;;;;;;;;;;;;;;;;;;;;;;;;;;;;;;;;;;;;;;;;;;;;;;;;;;;;;;;;;;;;;;;;;;;;;;;;;;;;;;;;;
保定白沟新城翔山制帽厂;https://shop1747y7o702y37.1688.com;1;49;https://detail.1688.com/offer/616493701417.html;;;;;;;;;;;;;;;;;;;;;;;;;;;;;;;;;;;;;;;;;;;;;;;;;;;;;;;;;;;;;;;;;;;;;;;;;;;;;;;;;;;;;;;;;;;;;;;;;;;;;;;;;;;;;;;;;;;;;;;;;;;;;;;;;;;;;;;;;;;;;;;;;;;;;;;;;;;;;;;;;;;;;;;;;;;;;;;;;;;;;;;;;;;;;;;;
义乌市梓叶贸易有限公司;https://shop5888791515d23.1688.com;1;49;https://detail.1688.com/offer/620659821571.html;;;;;;;;;;;;;;;;;;;;;;;;;;;;;;;;;;;;;;;;;;;;;;;;;;;;;;;;;;;;;;;;;;;;;;;;;;;;;;;;;;;;;;;;;;;;;;;;;;;;;;;;;;;;;;;;;;;;;;;;;;;;;;;;;;;;;;;;;;;;;;;;;;;;;;;;;;;;;;;;;;;;;;;;;;;;;;;;;;;;;;;;;;;;;;;;
保定白沟新城淘领制帽厂;https://shop02c240d661c79.1688.com;1;49;https://detail.1688.com/offer/618420184879.html;;;;;;;;;;;;;;;;;;;;;;;;;;;;;;;;;;;;;;;;;;;;;;;;;;;;;;;;;;;;;;;;;;;;;;;;;;;;;;;;;;;;;;;;;;;;;;;;;;;;;;;;;;;;;;;;;;;;;;;;;;;;;;;;;;;;;;;;;;;;;;;;;;;;;;;;;;;;;;;;;;;;;;;;;;;;;;;;;;;;;;;;;;;;;;;;
保定白沟新城嘟比啦制帽厂;https://shop137u70u340u10.1688.com;1;49;https://detail.1688.com/offer/618134047964.html;;;;;;;;;;;;;;;;;;;;;;;;;;;;;;;;;;;;;;;;;;;;;;;;;;;;;;;;;;;;;;;;;;;;;;;;;;;;;;;;;;;;;;;;;;;;;;;;;;;;;;;;;;;;;;;;;;;;;;;;;;;;;;;;;;;;;;;;;;;;;;;;;;;;;;;;;;;;;;;;;;;;;;;;;;;;;;;;;;;;;;;;;;;;;;;;
临沂汇昌电子商务有限公司;https://huichangzhimao.1688.com;1;49;https://detail.1688.com/offer/613756531332.html;;;;;;;;;;;;;;;;;;;;;;;;;;;;;;;;;;;;;;;;;;;;;;;;;;;;;;;;;;;;;;;;;;;;;;;;;;;;;;;;;;;;;;;;;;;;;;;;;;;;;;;;;;;;;;;;;;;;;;;;;;;;;;;;;;;;;;;;;;;;;;;;;;;;;;;;;;;;;;;;;;;;;;;;;;;;;;;;;;;;;;;;;;;;;;;;
临沂市兰山区冠宇制帽厂;https://shop1453481208670.1688.com;1;49;https://detail.1688.com/offer/613757123331.html;;;;;;;;;;;;;;;;;;;;;;;;;;;;;;;;;;;;;;;;;;;;;;;;;;;;;;;;;;;;;;;;;;;;;;;;;;;;;;;;;;;;;;;;;;;;;;;;;;;;;;;;;;;;;;;;;;;;;;;;;;;;;;;;;;;;;;;;;;;;;;;;;;;;;;;;;;;;;;;;;;;;;;;;;;;;;;;;;;;;;;;;;;;;;;;;
临沂市兰山区鹏程制帽厂;https://shop1453481208871.1688.com;1;49;https://detail.1688.com/offer/613470233714.html;;;;;;;;;;;;;;;;;;;;;;;;;;;;;;;;;;;;;;;;;;;;;;;;;;;;;;;;;;;;;;;;;;;;;;;;;;;;;;;;;;;;;;;;;;;;;;;;;;;;;;;;;;;;;;;;;;;;;;;;;;;;;;;;;;;;;;;;;;;;;;;;;;;;;;;;;;;;;;;;;;;;;;;;;;;;;;;;;;;;;;;;;;;;;;;;
义乌市爽瑄电子商务有限公司;https://shop5u51788698239.1688.com;1;49;https://detail.1688.com/offer/641140797092.html;;;;;;;;;;;;;;;;;;;;;;;;;;;;;;;;;;;;;;;;;;;;;;;;;;;;;;;;;;;;;;;;;;;;;;;;;;;;;;;;;;;;;;;;;;;;;;;;;;;;;;;;;;;;;;;;;;;;;;;;;;;;;;;;;;;;;;;;;;;;;;;;;;;;;;;;;;;;;;;;;;;;;;;;;;;;;;;;;;;;;;;;;;;;;;;;
义乌市旺烛服饰有限公司;https://shop2707858i154q3.1688.com;1;49;https://detail.1688.com/offer/643874086485.html;;;;;;;;;;;;;;;;;;;;;;;;;;;;;;;;;;;;;;;;;;;;;;;;;;;;;;;;;;;;;;;;;;;;;;;;;;;;;;;;;;;;;;;;;;;;;;;;;;;;;;;;;;;;;;;;;;;;;;;;;;;;;;;;;;;;;;;;;;;;;;;;;;;;;;;;;;;;;;;;;;;;;;;;;;;;;;;;;;;;;;;;;;;;;;;;
义乌市汇鹏帽厂;https://shop1n16671t71nf8.1688.com;1;49;https://detail.1688.com/offer/616267764357.html;;;;;;;;;;;;;;;;;;;;;;;;;;;;;;;;;;;;;;;;;;;;;;;;;;;;;;;;;;;;;;;;;;;;;;;;;;;;;;;;;;;;;;;;;;;;;;;;;;;;;;;;;;;;;;;;;;;;;;;;;;;;;;;;;;;;;;;;;;;;;;;;;;;;;;;;;;;;;;;;;;;;;;;;;;;;;;;;;;;;;;;;;;;;;;;;
义乌市坤谷电子商务商行;https://kungu18957966358.1688.com;1;49;https://detail.1688.com/offer/616268508206.html;;;;;;;;;;;;;;;;;;;;;;;;;;;;;;;;;;;;;;;;;;;;;;;;;;;;;;;;;;;;;;;;;;;;;;;;;;;;;;;;;;;;;;;;;;;;;;;;;;;;;;;;;;;;;;;;;;;;;;;;;;;;;;;;;;;;;;;;;;;;;;;;;;;;;;;;;;;;;;;;;;;;;;;;;;;;;;;;;;;;;;;;;;;;;;;;
杨成武;https://18267060226.1688.com;1;49;https://detail.1688.com/offer/617065659077.html;;;;;;;;;;;;;;;;;;;;;;;;;;;;;;;;;;;;;;;;;;;;;;;;;;;;;;;;;;;;;;;;;;;;;;;;;;;;;;;;;;;;;;;;;;;;;;;;;;;;;;;;;;;;;;;;;;;;;;;;;;;;;;;;;;;;;;;;;;;;;;;;;;;;;;;;;;;;;;;;;;;;;;;;;;;;;;;;;;;;;;;;;;;;;;;;
义乌市策茹电子商务商行;https://13901478.1688.com;1;49;https://detail.1688.com/offer/616554393862.html;;;;;;;;;;;;;;;;;;;;;;;;;;;;;;;;;;;;;;;;;;;;;;;;;;;;;;;;;;;;;;;;;;;;;;;;;;;;;;;;;;;;;;;;;;;;;;;;;;;;;;;;;;;;;;;;;;;;;;;;;;;;;;;;;;;;;;;;;;;;;;;;;;;;;;;;;;;;;;;;;;;;;;;;;;;;;;;;;;;;;;;;;;;;;;;;
临沂市兰山区福春家居用品厂;https://shop1467134083834.1688.com;1;49;https://detail.1688.com/offer/542698865393.html;;;;;;;;;;;;;;;;;;;;;;;;;;;;;;;;;;;;;;;;;;;;;;;;;;;;;;;;;;;;;;;;;;;;;;;;;;;;;;;;;;;;;;;;;;;;;;;;;;;;;;;;;;;;;;;;;;;;;;;;;;;;;;;;;;;;;;;;;;;;;;;;;;;;;;;;;;;;;;;;;;;;;;;;;;;;;;;;;;;;;;;;;;;;;;;;
保定白沟新城良趣制帽厂;https://shop7185686411680.1688.com;1;49;https://detail.1688.com/offer/624500858958.html;;;;;;;;;;;;;;;;;;;;;;;;;;;;;;;;;;;;;;;;;;;;;;;;;;;;;;;;;;;;;;;;;;;;;;;;;;;;;;;;;;;;;;;;;;;;;;;;;;;;;;;;;;;;;;;;;;;;;;;;;;;;;;;;;;;;;;;;;;;;;;;;;;;;;;;;;;;;;;;;;;;;;;;;;;;;;;;;;;;;;;;;;;;;;;;;
义乌市京缘服饰有限公司;https://shop3k113936211u1.1688.com;1;49;https://detail.1688.com/offer/618713077672.html;;;;;;;;;;;;;;;;;;;;;;;;;;;;;;;;;;;;;;;;;;;;;;;;;;;;;;;;;;;;;;;;;;;;;;;;;;;;;;;;;;;;;;;;;;;;;;;;;;;;;;;;;;;;;;;;;;;;;;;;;;;;;;;;;;;;;;;;;;;;;;;;;;;;;;;;;;;;;;;;;;;;;;;;;;;;;;;;;;;;;;;;;;;;;;;;
青岛恒阳帽业有限公司;https://shop9416222o21or7.1688.com;1;49;https://detail.1688.com/offer/612735476083.html;;;;;;;;;;;;;;;;;;;;;;;;;;;;;;;;;;;;;;;;;;;;;;;;;;;;;;;;;;;;;;;;;;;;;;;;;;;;;;;;;;;;;;;;;;;;;;;;;;;;;;;;;;;;;;;;;;;;;;;;;;;;;;;;;;;;;;;;;;;;;;;;;;;;;;;;;;;;;;;;;;;;;;;;;;;;;;;;;;;;;;;;;;;;;;;;
义乌市尚群贸易有限公司;https://shangqunsp.1688.com;1;49;https://detail.1688.com/offer/613609468036.html;;;;;;;;;;;;;;;;;;;;;;;;;;;;;;;;;;;;;;;;;;;;;;;;;;;;;;;;;;;;;;;;;;;;;;;;;;;;;;;;;;;;;;;;;;;;;;;;;;;;;;;;;;;;;;;;;;;;;;;;;;;;;;;;;;;;;;;;;;;;;;;;;;;;;;;;;;;;;;;;;;;;;;;;;;;;;;;;;;;;;;;;;;;;;;;;
义乌市天缘服饰有限公司;https://1994vip.1688.com;1;49;https://detail.1688.com/offer/644321775832.html;;;;;;;;;;;;;;;;;;;;;;;;;;;;;;;;;;;;;;;;;;;;;;;;;;;;;;;;;;;;;;;;;;;;;;;;;;;;;;;;;;;;;;;;;;;;;;;;;;;;;;;;;;;;;;;;;;;;;;;;;;;;;;;;;;;;;;;;;;;;;;;;;;;;;;;;;;;;;;;;;;;;;;;;;;;;;;;;;;;;;;;;;;;;;;;;
义乌市顶尚服饰厂;https://shop6y93043654081.1688.com;1;49;https://detail.1688.com/offer/617020951360.html;;;;;;;;;;;;;;;;;;;;;;;;;;;;;;;;;;;;;;;;;;;;;;;;;;;;;;;;;;;;;;;;;;;;;;;;;;;;;;;;;;;;;;;;;;;;;;;;;;;;;;;;;;;;;;;;;;;;;;;;;;;;;;;;;;;;;;;;;;;;;;;;;;;;;;;;;;;;;;;;;;;;;;;;;;;;;;;;;;;;;;;;;;;;;;;;
雄县亿尚美服饰有限公司;https://yishangmeimaozi.1688.com;1;49;https://detail.1688.com/offer/620752225785.html;;;;;;;;;;;;;;;;;;;;;;;;;;;;;;;;;;;;;;;;;;;;;;;;;;;;;;;;;;;;;;;;;;;;;;;;;;;;;;;;;;;;;;;;;;;;;;;;;;;;;;;;;;;;;;;;;;;;;;;;;;;;;;;;;;;;;;;;;;;;;;;;;;;;;;;;;;;;;;;;;;;;;;;;;;;;;;;;;;;;;;;;;;;;;;;;
浙江沐涵贸易有限公司;https://shop6t616635rg134.1688.com;1;49;https://detail.1688.com/offer/613725826827.html;;;;;;;;;;;;;;;;;;;;;;;;;;;;;;;;;;;;;;;;;;;;;;;;;;;;;;;;;;;;;;;;;;;;;;;;;;;;;;;;;;;;;;;;;;;;;;;;;;;;;;;;;;;;;;;;;;;;;;;;;;;;;;;;;;;;;;;;;;;;;;;;;;;;;;;;;;;;;;;;;;;;;;;;;;;;;;;;;;;;;;;;;;;;;;;;
保定白沟新城澳腾制帽厂;https://aotengmaozi.1688.com;1;49;https://detail.1688.com/offer/605820719838.html;;;;;;;;;;;;;;;;;;;;;;;;;;;;;;;;;;;;;;;;;;;;;;;;;;;;;;;;;;;;;;;;;;;;;;;;;;;;;;;;;;;;;;;;;;;;;;;;;;;;;;;;;;;;;;;;;;;;;;;;;;;;;;;;;;;;;;;;;;;;;;;;;;;;;;;;;;;;;;;;;;;;;;;;;;;;;;;;;;;;;;;;;;;;;;;;
义乌市貌贸电子商务有限责任公司;https://shop0112467er7e89.1688.com;1;49;https://detail.1688.com/offer/640805565734.html;;;;;;;;;;;;;;;;;;;;;;;;;;;;;;;;;;;;;;;;;;;;;;;;;;;;;;;;;;;;;;;;;;;;;;;;;;;;;;;;;;;;;;;;;;;;;;;;;;;;;;;;;;;;;;;;;;;;;;;;;;;;;;;;;;;;;;;;;;;;;;;;;;;;;;;;;;;;;;;;;;;;;;;;;;;;;;;;;;;;;;;;;;;;;;;;
雄县朱各庄镇靖卓制帽厂;https://shop4825ogp953219.1688.com;1;49;https://detail.1688.com/offer/617052961476.html;;;;;;;;;;;;;;;;;;;;;;;;;;;;;;;;;;;;;;;;;;;;;;;;;;;;;;;;;;;;;;;;;;;;;;;;;;;;;;;;;;;;;;;;;;;;;;;;;;;;;;;;;;;;;;;;;;;;;;;;;;;;;;;;;;;;;;;;;;;;;;;;;;;;;;;;;;;;;;;;;;;;;;;;;;;;;;;;;;;;;;;;;;;;;;;;
新罗区翠芙儿百货商行;https://shop5d1p536287085.1688.com;1;49;https://detail.1688.com/offer/643550458662.html;;;;;;;;;;;;;;;;;;;;;;;;;;;;;;;;;;;;;;;;;;;;;;;;;;;;;;;;;;;;;;;;;;;;;;;;;;;;;;;;;;;;;;;;;;;;;;;;;;;;;;;;;;;;;;;;;;;;;;;;;;;;;;;;;;;;;;;;;;;;;;;;;;;;;;;;;;;;;;;;;;;;;;;;;;;;;;;;;;;;;;;;;;;;;;;;
黄彩云;https://h39239.1688.com;1;49;https://detail.1688.com/offer/614037840082.html;;;;;;;;;;;;;;;;;;;;;;;;;;;;;;;;;;;;;;;;;;;;;;;;;;;;;;;;;;;;;;;;;;;;;;;;;;;;;;;;;;;;;;;;;;;;;;;;;;;;;;;;;;;;;;;;;;;;;;;;;;;;;;;;;;;;;;;;;;;;;;;;;;;;;;;;;;;;;;;;;;;;;;;;;;;;;;;;;;;;;;;;;;;;;;;;
邵东市大禾塘诚友百货商店;https://shop573o29378n5n6.1688.com;1;49;https://detail.1688.com/offer/639876997186.html;;;;;;;;;;;;;;;;;;;;;;;;;;;;;;;;;;;;;;;;;;;;;;;;;;;;;;;;;;;;;;;;;;;;;;;;;;;;;;;;;;;;;;;;;;;;;;;;;;;;;;;;;;;;;;;;;;;;;;;;;;;;;;;;;;;;;;;;;;;;;;;;;;;;;;;;;;;;;;;;;;;;;;;;;;;;;;;;;;;;;;;;;;;;;;;;
长沙市岳麓区艾珊百货商行;https://shop710216u1a7601.1688.com;1;49;https://detail.1688.com/offer/650801339711.html;;;;;;;;;;;;;;;;;;;;;;;;;;;;;;;;;;;;;;;;;;;;;;;;;;;;;;;;;;;;;;;;;;;;;;;;;;;;;;;;;;;;;;;;;;;;;;;;;;;;;;;;;;;;;;;;;;;;;;;;;;;;;;;;;;;;;;;;;;;;;;;;;;;;;;;;;;;;;;;;;;;;;;;;;;;;;;;;;;;;;;;;;;;;;;;;
义乌市港柯电子商务商行;https://shop1315802680m59.1688.com;1;49;https://detail.1688.com/offer/649326620133.html;;;;;;;;;;;;;;;;;;;;;;;;;;;;;;;;;;;;;;;;;;;;;;;;;;;;;;;;;;;;;;;;;;;;;;;;;;;;;;;;;;;;;;;;;;;;;;;;;;;;;;;;;;;;;;;;;;;;;;;;;;;;;;;;;;;;;;;;;;;;;;;;;;;;;;;;;;;;;;;;;;;;;;;;;;;;;;;;;;;;;;;;;;;;;;;;
保定白沟新城鑫豪制帽厂;https://xinhaozhimao.1688.com;1;49;https://detail.1688.com/offer/618490410730.html;;;;;;;;;;;;;;;;;;;;;;;;;;;;;;;;;;;;;;;;;;;;;;;;;;;;;;;;;;;;;;;;;;;;;;;;;;;;;;;;;;;;;;;;;;;;;;;;;;;;;;;;;;;;;;;;;;;;;;;;;;;;;;;;;;;;;;;;;;;;;;;;;;;;;;;;;;;;;;;;;;;;;;;;;;;;;;;;;;;;;;;;;;;;;;;;
义乌市简黛电子商务商行;https://shop1a8820149c745.1688.com;1;49;https://detail.1688.com/offer/642244907757.html;;;;;;;;;;;;;;;;;;;;;;;;;;;;;;;;;;;;;;;;;;;;;;;;;;;;;;;;;;;;;;;;;;;;;;;;;;;;;;;;;;;;;;;;;;;;;;;;;;;;;;;;;;;;;;;;;;;;;;;;;;;;;;;;;;;;;;;;;;;;;;;;;;;;;;;;;;;;;;;;;;;;;;;;;;;;;;;;;;;;;;;;;;;;;;;;
义乌市水影电子商务商行;https://shop1q428940c6813.1688.com;1;49;https://detail.1688.com/offer/603907753258.html;;;;;;;;;;;;;;;;;;;;;;;;;;;;;;;;;;;;;;;;;;;;;;;;;;;;;;;;;;;;;;;;;;;;;;;;;;;;;;;;;;;;;;;;;;;;;;;;;;;;;;;;;;;;;;;;;;;;;;;;;;;;;;;;;;;;;;;;;;;;;;;;;;;;;;;;;;;;;;;;;;;;;;;;;;;;;;;;;;;;;;;;;;;;;;;;
义乌市田珏电子商务商行;https://shop0s8i4974k5182.1688.com;1;49;https://detail.1688.com/offer/641971834726.html;;;;;;;;;;;;;;;;;;;;;;;;;;;;;;;;;;;;;;;;;;;;;;;;;;;;;;;;;;;;;;;;;;;;;;;;;;;;;;;;;;;;;;;;;;;;;;;;;;;;;;;;;;;;;;;;;;;;;;;;;;;;;;;;;;;;;;;;;;;;;;;;;;;;;;;;;;;;;;;;;;;;;;;;;;;;;;;;;;;;;;;;;;;;;;;;
义乌市彤色电子商务商行;https://shop1459875441182.1688.com;1;49;https://detail.1688.com/offer/613909320067.html;;;;;;;;;;;;;;;;;;;;;;;;;;;;;;;;;;;;;;;;;;;;;;;;;;;;;;;;;;;;;;;;;;;;;;;;;;;;;;;;;;;;;;;;;;;;;;;;;;;;;;;;;;;;;;;;;;;;;;;;;;;;;;;;;;;;;;;;;;;;;;;;;;;;;;;;;;;;;;;;;;;;;;;;;;;;;;;;;;;;;;;;;;;;;;;;
台州市黄岩梅子帽厂;https://shop40mz8p7614945.1688.com;1;49;https://detail.1688.com/offer/627392159234.html;;;;;;;;;;;;;;;;;;;;;;;;;;;;;;;;;;;;;;;;;;;;;;;;;;;;;;;;;;;;;;;;;;;;;;;;;;;;;;;;;;;;;;;;;;;;;;;;;;;;;;;;;;;;;;;;;;;;;;;;;;;;;;;;;;;;;;;;;;;;;;;;;;;;;;;;;;;;;;;;;;;;;;;;;;;;;;;;;;;;;;;;;;;;;;;;
浙江跃渊贸易有限公司;https://shop4xg05123124a9.1688.com;1;49;https://detail.1688.com/offer/613636426890.html;;;;;;;;;;;;;;;;;;;;;;;;;;;;;;;;;;;;;;;;;;;;;;;;;;;;;;;;;;;;;;;;;;;;;;;;;;;;;;;;;;;;;;;;;;;;;;;;;;;;;;;;;;;;;;;;;;;;;;;;;;;;;;;;;;;;;;;;;;;;;;;;;;;;;;;;;;;;;;;;;;;;;;;;;;;;;;;;;;;;;;;;;;;;;;;;
保定辉豪服饰制造有限公司;https://nanafushizhizao.1688.com;1;49;https://detail.1688.com/offer/618298353982.html;;;;;;;;;;;;;;;;;;;;;;;;;;;;;;;;;;;;;;;;;;;;;;;;;;;;;;;;;;;;;;;;;;;;;;;;;;;;;;;;;;;;;;;;;;;;;;;;;;;;;;;;;;;;;;;;;;;;;;;;;;;;;;;;;;;;;;;;;;;;;;;;;;;;;;;;;;;;;;;;;;;;;;;;;;;;;;;;;;;;;;;;;;;;;;;;
义乌市合邦服饰有限公司;https://shop1468810367095.1688.com;1;49;https://detail.1688.com/offer/626605522989.html;;;;;;;;;;;;;;;;;;;;;;;;;;;;;;;;;;;;;;;;;;;;;;;;;;;;;;;;;;;;;;;;;;;;;;;;;;;;;;;;;;;;;;;;;;;;;;;;;;;;;;;;;;;;;;;;;;;;;;;;;;;;;;;;;;;;;;;;;;;;;;;;;;;;;;;;;;;;;;;;;;;;;;;;;;;;;;;;;;;;;;;;;;;;;;;;
山东旅之友旅游用品有限公司;https://lvzhiyou521.1688.com;1;49;https://detail.1688.com/offer/601748277609.html;;;;;;;;;;;;;;;;;;;;;;;;;;;;;;;;;;;;;;;;;;;;;;;;;;;;;;;;;;;;;;;;;;;;;;;;;;;;;;;;;;;;;;;;;;;;;;;;;;;;;;;;;;;;;;;;;;;;;;;;;;;;;;;;;;;;;;;;;;;;;;;;;;;;;;;;;;;;;;;;;;;;;;;;;;;;;;;;;;;;;;;;;;;;;;;;
义乌市万芙帽厂;https://wanfumaochang.1688.com;1;49;https://detail.1688.com/offer/615034137091.html;;;;;;;;;;;;;;;;;;;;;;;;;;;;;;;;;;;;;;;;;;;;;;;;;;;;;;;;;;;;;;;;;;;;;;;;;;;;;;;;;;;;;;;;;;;;;;;;;;;;;;;;;;;;;;;;;;;;;;;;;;;;;;;;;;;;;;;;;;;;;;;;;;;;;;;;;;;;;;;;;;;;;;;;;;;;;;;;;;;;;;;;;;;;;;;;
深圳市龙岗区魅之品商贸行;https://shop11i275t232562.1688.com;1;49;https://detail.1688.com/offer/616003907929.html;;;;;;;;;;;;;;;;;;;;;;;;;;;;;;;;;;;;;;;;;;;;;;;;;;;;;;;;;;;;;;;;;;;;;;;;;;;;;;;;;;;;;;;;;;;;;;;;;;;;;;;;;;;;;;;;;;;;;;;;;;;;;;;;;;;;;;;;;;;;;;;;;;;;;;;;;;;;;;;;;;;;;;;;;;;;;;;;;;;;;;;;;;;;;;;;
义乌市锦蒂日用品有限公司;https://shop5689y2f93r459.1688.com;1;49;https://detail.1688.com/offer/619666106235.html;;;;;;;;;;;;;;;;;;;;;;;;;;;;;;;;;;;;;;;;;;;;;;;;;;;;;;;;;;;;;;;;;;;;;;;;;;;;;;;;;;;;;;;;;;;;;;;;;;;;;;;;;;;;;;;;;;;;;;;;;;;;;;;;;;;;;;;;;;;;;;;;;;;;;;;;;;;;;;;;;;;;;;;;;;;;;;;;;;;;;;;;;;;;;;;;
广州朗海酒店管理有限公司;https://shop932w57v566r06.1688.com;1;49;https://detail.1688.com/offer/638957898748.html;;;;;;;;;;;;;;;;;;;;;;;;;;;;;;;;;;;;;;;;;;;;;;;;;;;;;;;;;;;;;;;;;;;;;;;;;;;;;;;;;;;;;;;;;;;;;;;;;;;;;;;;;;;;;;;;;;;;;;;;;;;;;;;;;;;;;;;;;;;;;;;;;;;;;;;;;;;;;;;;;;;;;;;;;;;;;;;;;;;;;;;;;;;;;;;;
浙江衡睿贸易有限公司;https://shop943g349669481.1688.com;1;49;https://detail.1688.com/offer/613484425486.html;;;;;;;;;;;;;;;;;;;;;;;;;;;;;;;;;;;;;;;;;;;;;;;;;;;;;;;;;;;;;;;;;;;;;;;;;;;;;;;;;;;;;;;;;;;;;;;;;;;;;;;;;;;;;;;;;;;;;;;;;;;;;;;;;;;;;;;;;;;;;;;;;;;;;;;;;;;;;;;;;;;;;;;;;;;;;;;;;;;;;;;;;;;;;;;;
台州市悦橙贸易有限公司;https://shop5170386z8k0f1.1688.com;1;49;https://detail.1688.com/offer/627141513577.html;;;;;;;;;;;;;;;;;;;;;;;;;;;;;;;;;;;;;;;;;;;;;;;;;;;;;;;;;;;;;;;;;;;;;;;;;;;;;;;;;;;;;;;;;;;;;;;;;;;;;;;;;;;;;;;;;;;;;;;;;;;;;;;;;;;;;;;;;;;;;;;;;;;;;;;;;;;;;;;;;;;;;;;;;;;;;;;;;;;;;;;;;;;;;;;;
佛山市南海区梓迪蔓服装厂;https://shop4j63qg4095871.1688.com;1;49;https://detail.1688.com/offer/640376097395.html;;;;;;;;;;;;;;;;;;;;;;;;;;;;;;;;;;;;;;;;;;;;;;;;;;;;;;;;;;;;;;;;;;;;;;;;;;;;;;;;;;;;;;;;;;;;;;;;;;;;;;;;;;;;;;;;;;;;;;;;;;;;;;;;;;;;;;;;;;;;;;;;;;;;;;;;;;;;;;;;;;;;;;;;;;;;;;;;;;;;;;;;;;;;;;;;
义乌市时流电子商务商行;https://shop72n430k9l7614.1688.com;1;49;https://detail.1688.com/offer/616786803650.html;;;;;;;;;;;;;;;;;;;;;;;;;;;;;;;;;;;;;;;;;;;;;;;;;;;;;;;;;;;;;;;;;;;;;;;;;;;;;;;;;;;;;;;;;;;;;;;;;;;;;;;;;;;;;;;;;;;;;;;;;;;;;;;;;;;;;;;;;;;;;;;;;;;;;;;;;;;;;;;;;;;;;;;;;;;;;;;;;;;;;;;;;;;;;;;;
浙江蒂姆贸易有限公司;https://shop14325v3165422.1688.com;1;49;https://detail.1688.com/offer/613390961450.html;;;;;;;;;;;;;;;;;;;;;;;;;;;;;;;;;;;;;;;;;;;;;;;;;;;;;;;;;;;;;;;;;;;;;;;;;;;;;;;;;;;;;;;;;;;;;;;;;;;;;;;;;;;;;;;;;;;;;;;;;;;;;;;;;;;;;;;;;;;;;;;;;;;;;;;;;;;;;;;;;;;;;;;;;;;;;;;;;;;;;;;;;;;;;;;;
东莞市天亿帽业有限公司;https://shop6444v07265742.1688.com;1;49;https://detail.1688.com/offer/640414530396.html;;;;;;;;;;;;;;;;;;;;;;;;;;;;;;;;;;;;;;;;;;;;;;;;;;;;;;;;;;;;;;;;;;;;;;;;;;;;;;;;;;;;;;;;;;;;;;;;;;;;;;;;;;;;;;;;;;;;;;;;;;;;;;;;;;;;;;;;;;;;;;;;;;;;;;;;;;;;;;;;;;;;;;;;;;;;;;;;;;;;;;;;;;;;;;;;
白沟新城昂彤帽子商行;https://shop5965993f237f4.1688.com;1;49;https://detail.1688.com/offer/634639349352.html;;;;;;;;;;;;;;;;;;;;;;;;;;;;;;;;;;;;;;;;;;;;;;;;;;;;;;;;;;;;;;;;;;;;;;;;;;;;;;;;;;;;;;;;;;;;;;;;;;;;;;;;;;;;;;;;;;;;;;;;;;;;;;;;;;;;;;;;;;;;;;;;;;;;;;;;;;;;;;;;;;;;;;;;;;;;;;;;;;;;;;;;;;;;;;;;
义乌市樊彪电子商务商行;https://fb7777.1688.com;1;49;https://detail.1688.com/offer/621291415726.html;;;;;;;;;;;;;;;;;;;;;;;;;;;;;;;;;;;;;;;;;;;;;;;;;;;;;;;;;;;;;;;;;;;;;;;;;;;;;;;;;;;;;;;;;;;;;;;;;;;;;;;;;;;;;;;;;;;;;;;;;;;;;;;;;;;;;;;;;;;;;;;;;;;;;;;;;;;;;;;;;;;;;;;;;;;;;;;;;;;;;;;;;;;;;;;;
宁波甬创工艺品有限公司;https://ccmhat.1688.com;1;49;https://detail.1688.com/offer/615329585058.html;;;;;;;;;;;;;;;;;;;;;;;;;;;;;;;;;;;;;;;;;;;;;;;;;;;;;;;;;;;;;;;;;;;;;;;;;;;;;;;;;;;;;;;;;;;;;;;;;;;;;;;;;;;;;;;;;;;;;;;;;;;;;;;;;;;;;;;;;;;;;;;;;;;;;;;;;;;;;;;;;;;;;;;;;;;;;;;;;;;;;;;;;;;;;;;;
义乌市皓壬贸易有限公司;https://shop1707i947604l0.1688.com;1;49;https://detail.1688.com/offer/624592761018.html;;;;;;;;;;;;;;;;;;;;;;;;;;;;;;;;;;;;;;;;;;;;;;;;;;;;;;;;;;;;;;;;;;;;;;;;;;;;;;;;;;;;;;;;;;;;;;;;;;;;;;;;;;;;;;;;;;;;;;;;;;;;;;;;;;;;;;;;;;;;;;;;;;;;;;;;;;;;;;;;;;;;;;;;;;;;;;;;;;;;;;;;;;;;;;;;
义乌市雨媗电子商务有限公司;https://shop476s27l33m445.1688.com;1;49;https://detail.1688.com/offer/622749891347.html;;;;;;;;;;;;;;;;;;;;;;;;;;;;;;;;;;;;;;;;;;;;;;;;;;;;;;;;;;;;;;;;;;;;;;;;;;;;;;;;;;;;;;;;;;;;;;;;;;;;;;;;;;;;;;;;;;;;;;;;;;;;;;;;;;;;;;;;;;;;;;;;;;;;;;;;;;;;;;;;;;;;;;;;;;;;;;;;;;;;;;;;;;;;;;;;
义乌市南轩松电子商务商行;https://mtx1913.1688.com;1;50;https://detail.1688.com/offer/648615343836.html;;;;;;;;;;;;;;;;;;;;;;;;;;;;;;;;;;;;;;;;;;;;;;;;;;;;;;;;;;;;;;;;;;;;;;;;;;;;;;;;;;;;;;;;;;;;;;;;;;;;;;;;;;;;;;;;;;;;;;;;;;;;;;;;;;;;;;;;;;;;;;;;;;;;;;;;;;;;;;;;;;;;;;;;;;;;;;;;;;;;;;;;;;;;;;;;
义乌市佩派帽业有限公司;https://shop1392742383331.1688.com;1;50;https://detail.1688.com/offer/621965350024.html;;;;;;;;;;;;;;;;;;;;;;;;;;;;;;;;;;;;;;;;;;;;;;;;;;;;;;;;;;;;;;;;;;;;;;;;;;;;;;;;;;;;;;;;;;;;;;;;;;;;;;;;;;;;;;;;;;;;;;;;;;;;;;;;;;;;;;;;;;;;;;;;;;;;;;;;;;;;;;;;;;;;;;;;;;;;;;;;;;;;;;;;;;;;;;;;
义乌市宸嘟电子商务商行;https://shop1372265623632.1688.com;1;51;https://detail.1688.com/offer/620796990586.html;;;;;;;;;;;;;;;;;;;;;;;;;;;;;;;;;;;;;;;;;;;;;;;;;;;;;;;;;;;;;;;;;;;;;;;;;;;;;;;;;;;;;;;;;;;;;;;;;;;;;;;;;;;;;;;;;;;;;;;;;;;;;;;;;;;;;;;;;;;;;;;;;;;;;;;;;;;;;;;;;;;;;;;;;;;;;;;;;;;;;;;;;;;;;;;;
义乌市卓美饰品有限公司;https://shop1322298104b15.1688.com;1;51;https://detail.1688.com/offer/618560112129.html;;;;;;;;;;;;;;;;;;;;;;;;;;;;;;;;;;;;;;;;;;;;;;;;;;;;;;;;;;;;;;;;;;;;;;;;;;;;;;;;;;;;;;;;;;;;;;;;;;;;;;;;;;;;;;;;;;;;;;;;;;;;;;;;;;;;;;;;;;;;;;;;;;;;;;;;;;;;;;;;;;;;;;;;;;;;;;;;;;;;;;;;;;;;;;;;
浦江旭洋商贸有限公司;https://shop1194h2k409950.1688.com;1;51;https://detail.1688.com/offer/639706056931.html;;;;;;;;;;;;;;;;;;;;;;;;;;;;;;;;;;;;;;;;;;;;;;;;;;;;;;;;;;;;;;;;;;;;;;;;;;;;;;;;;;;;;;;;;;;;;;;;;;;;;;;;;;;;;;;;;;;;;;;;;;;;;;;;;;;;;;;;;;;;;;;;;;;;;;;;;;;;;;;;;;;;;;;;;;;;;;;;;;;;;;;;;;;;;;;;
连城县广丰萱日用品商行;https://shop83g9g37660b49.1688.com;1;51;https://detail.1688.com/offer/646468872673.html;;;;;;;;;;;;;;;;;;;;;;;;;;;;;;;;;;;;;;;;;;;;;;;;;;;;;;;;;;;;;;;;;;;;;;;;;;;;;;;;;;;;;;;;;;;;;;;;;;;;;;;;;;;;;;;;;;;;;;;;;;;;;;;;;;;;;;;;;;;;;;;;;;;;;;;;;;;;;;;;;;;;;;;;;;;;;;;;;;;;;;;;;;;;;;;;
义乌市森湖饰品有限公司;https://shop2te117438p075.1688.com;1;51;https://detail.1688.com/offer/627652092007.html;;;;;;;;;;;;;;;;;;;;;;;;;;;;;;;;;;;;;;;;;;;;;;;;;;;;;;;;;;;;;;;;;;;;;;;;;;;;;;;;;;;;;;;;;;;;;;;;;;;;;;;;;;;;;;;;;;;;;;;;;;;;;;;;;;;;;;;;;;;;;;;;;;;;;;;;;;;;;;;;;;;;;;;;;;;;;;;;;;;;;;;;;;;;;;;;
西咸新区空港新城柠香里百货店;https://shop19cy8065a7226.1688.com;1;51;https://detail.1688.com/offer/647328166681.html;;;;;;;;;;;;;;;;;;;;;;;;;;;;;;;;;;;;;;;;;;;;;;;;;;;;;;;;;;;;;;;;;;;;;;;;;;;;;;;;;;;;;;;;;;;;;;;;;;;;;;;;;;;;;;;;;;;;;;;;;;;;;;;;;;;;;;;;;;;;;;;;;;;;;;;;;;;;;;;;;;;;;;;;;;;;;;;;;;;;;;;;;;;;;;;;
王春利;https://shop1440176045206.1688.com;1;52;https://detail.1688.com/offer/545192369453.html;;;;;;;;;;;;;;;;;;;;;;;;;;;;;;;;;;;;;;;;;;;;;;;;;;;;;;;;;;;;;;;;;;;;;;;;;;;;;;;;;;;;;;;;;;;;;;;;;;;;;;;;;;;;;;;;;;;;;;;;;;;;;;;;;;;;;;;;;;;;;;;;;;;;;;;;;;;;;;;;;;;;;;;;;;;;;;;;;;;;;;;;;;;;;;;;
义乌市滴翠电子商务商行;https://ywdicui.1688.com;1;59;https://detail.1688.com/offer/523821287299.html;;;;;;;;;;;;;;;;;;;;;;;;;;;;;;;;;;;;;;;;;;;;;;;;;;;;;;;;;;;;;;;;;;;;;;;;;;;;;;;;;;;;;;;;;;;;;;;;;;;;;;;;;;;;;;;;;;;;;;;;;;;;;;;;;;;;;;;;;;;;;;;;;;;;;;;;;;;;;;;;;;;;;;;;;;;;;;;;;;;;;;;;;;;;;;;;
义乌市茁梓饰品有限公司;https://shop1436374578554.1688.com;1;59;https://detail.1688.com/offer/521954376613.html;;;;;;;;;;;;;;;;;;;;;;;;;;;;;;;;;;;;;;;;;;;;;;;;;;;;;;;;;;;;;;;;;;;;;;;;;;;;;;;;;;;;;;;;;;;;;;;;;;;;;;;;;;;;;;;;;;;;;;;;;;;;;;;;;;;;;;;;;;;;;;;;;;;;;;;;;;;;;;;;;;;;;;;;;;;;;;;;;;;;;;;;;;;;;;;;
佛山市帛荷服饰有限公司;https://bohefs.1688.com;1;59;https://detail.1688.com/offer/525233377357.html;;;;;;;;;;;;;;;;;;;;;;;;;;;;;;;;;;;;;;;;;;;;;;;;;;;;;;;;;;;;;;;;;;;;;;;;;;;;;;;;;;;;;;;;;;;;;;;;;;;;;;;;;;;;;;;;;;;;;;;;;;;;;;;;;;;;;;;;;;;;;;;;;;;;;;;;;;;;;;;;;;;;;;;;;;;;;;;;;;;;;;;;;;;;;;;;
龙港市倾溢电子商务商行;https://shop39j922614p603.1688.com;1;59;https://detail.1688.com/offer/654846467818.html;;;;;;;;;;;;;;;;;;;;;;;;;;;;;;;;;;;;;;;;;;;;;;;;;;;;;;;;;;;;;;;;;;;;;;;;;;;;;;;;;;;;;;;;;;;;;;;;;;;;;;;;;;;;;;;;;;;;;;;;;;;;;;;;;;;;;;;;;;;;;;;;;;;;;;;;;;;;;;;;;;;;;;;;;;;;;;;;;;;;;;;;;;;;;;;;
广州莉青商贸商行;https://shop1052972t27272.1688.com;1;59;https://detail.1688.com/offer/656304339541.html;;;;;;;;;;;;;;;;;;;;;;;;;;;;;;;;;;;;;;;;;;;;;;;;;;;;;;;;;;;;;;;;;;;;;;;;;;;;;;;;;;;;;;;;;;;;;;;;;;;;;;;;;;;;;;;;;;;;;;;;;;;;;;;;;;;;;;;;;;;;;;;;;;;;;;;;;;;;;;;;;;;;;;;;;;;;;;;;;;;;;;;;;;;;;;;;
义乌市斗鑫电子商务商行;https://shop0z26040q40743.1688.com;1;59;https://detail.1688.com/offer/652706692262.html;;;;;;;;;;;;;;;;;;;;;;;;;;;;;;;;;;;;;;;;;;;;;;;;;;;;;;;;;;;;;;;;;;;;;;;;;;;;;;;;;;;;;;;;;;;;;;;;;;;;;;;;;;;;;;;;;;;;;;;;;;;;;;;;;;;;;;;;;;;;;;;;;;;;;;;;;;;;;;;;;;;;;;;;;;;;;;;;;;;;;;;;;;;;;;;;
广州潮尚汇服装商行;https://shop37a941054mm97.1688.com;1;63;https://detail.1688.com/offer/654527789882.html;;;;;;;;;;;;;;;;;;;;;;;;;;;;;;;;;;;;;;;;;;;;;;;;;;;;;;;;;;;;;;;;;;;;;;;;;;;;;;;;;;;;;;;;;;;;;;;;;;;;;;;;;;;;;;;;;;;;;;;;;;;;;;;;;;;;;;;;;;;;;;;;;;;;;;;;;;;;;;;;;;;;;;;;;;;;;;;;;;;;;;;;;;;;;;;;
义乌市钰彤饰品有限公司;https://yutongshiping.1688.com;1;63;https://detail.1688.com/offer/653925360945.html;;;;;;;;;;;;;;;;;;;;;;;;;;;;;;;;;;;;;;;;;;;;;;;;;;;;;;;;;;;;;;;;;;;;;;;;;;;;;;;;;;;;;;;;;;;;;;;;;;;;;;;;;;;;;;;;;;;;;;;;;;;;;;;;;;;;;;;;;;;;;;;;;;;;;;;;;;;;;;;;;;;;;;;;;;;;;;;;;;;;;;;;;;;;;;;;
广州雪聚服饰有限公司;https://shop1467183408201.1688.com;1;63;https://detail.1688.com/offer/642073297377.html;;;;;;;;;;;;;;;;;;;;;;;;;;;;;;;;;;;;;;;;;;;;;;;;;;;;;;;;;;;;;;;;;;;;;;;;;;;;;;;;;;;;;;;;;;;;;;;;;;;;;;;;;;;;;;;;;;;;;;;;;;;;;;;;;;;;;;;;;;;;;;;;;;;;;;;;;;;;;;;;;;;;;;;;;;;;;;;;;;;;;;;;;;;;;;;;
深圳市依莱尔服装有限公司;https://ylaier.1688.com;1;63;https://detail.1688.com/offer/628958651343.html;;;;;;;;;;;;;;;;;;;;;;;;;;;;;;;;;;;;;;;;;;;;;;;;;;;;;;;;;;;;;;;;;;;;;;;;;;;;;;;;;;;;;;;;;;;;;;;;;;;;;;;;;;;;;;;;;;;;;;;;;;;;;;;;;;;;;;;;;;;;;;;;;;;;;;;;;;;;;;;;;;;;;;;;;;;;;;;;;;;;;;;;;;;;;;;;
东莞市大朗韩辉服饰店;https://shop308u2634c01b6.1688.com;1;63;https://detail.1688.com/offer/629908040152.html;;;;;;;;;;;;;;;;;;;;;;;;;;;;;;;;;;;;;;;;;;;;;;;;;;;;;;;;;;;;;;;;;;;;;;;;;;;;;;;;;;;;;;;;;;;;;;;;;;;;;;;;;;;;;;;;;;;;;;;;;;;;;;;;;;;;;;;;;;;;;;;;;;;;;;;;;;;;;;;;;;;;;;;;;;;;;;;;;;;;;;;;;;;;;;;;
佛山市欧时尚服装有限公司;https://oufashion.1688.com;1;63;https://detail.1688.com/offer/651888782448.html;;;;;;;;;;;;;;;;;;;;;;;;;;;;;;;;;;;;;;;;;;;;;;;;;;;;;;;;;;;;;;;;;;;;;;;;;;;;;;;;;;;;;;;;;;;;;;;;;;;;;;;;;;;;;;;;;;;;;;;;;;;;;;;;;;;;;;;;;;;;;;;;;;;;;;;;;;;;;;;;;;;;;;;;;;;;;;;;;;;;;;;;;;;;;;;;
佛山市宇衣阁服装有限公司;https://shop1680u99r287b4.1688.com;1;63;https://detail.1688.com/offer/649851037450.html;;;;;;;;;;;;;;;;;;;;;;;;;;;;;;;;;;;;;;;;;;;;;;;;;;;;;;;;;;;;;;;;;;;;;;;;;;;;;;;;;;;;;;;;;;;;;;;;;;;;;;;;;;;;;;;;;;;;;;;;;;;;;;;;;;;;;;;;;;;;;;;;;;;;;;;;;;;;;;;;;;;;;;;;;;;;;;;;;;;;;;;;;;;;;;;;
东莞市厚街辰逸服装店;https://shop7639o2o2119n6.1688.com;1;63;https://detail.1688.com/offer/639074825856.html;;;;;;;;;;;;;;;;;;;;;;;;;;;;;;;;;;;;;;;;;;;;;;;;;;;;;;;;;;;;;;;;;;;;;;;;;;;;;;;;;;;;;;;;;;;;;;;;;;;;;;;;;;;;;;;;;;;;;;;;;;;;;;;;;;;;;;;;;;;;;;;;;;;;;;;;;;;;;;;;;;;;;;;;;;;;;;;;;;;;;;;;;;;;;;;;
广州薇因贸易有限公司;https://weiyinmaoyi.1688.com;1;63;https://detail.1688.com/offer/597429598568.html;;;;;;;;;;;;;;;;;;;;;;;;;;;;;;;;;;;;;;;;;;;;;;;;;;;;;;;;;;;;;;;;;;;;;;;;;;;;;;;;;;;;;;;;;;;;;;;;;;;;;;;;;;;;;;;;;;;;;;;;;;;;;;;;;;;;;;;;;;;;;;;;;;;;;;;;;;;;;;;;;;;;;;;;;;;;;;;;;;;;;;;;;;;;;;;;
潜山信和服装电子商务有限公司;https://shop0384y9s8b8990.1688.com;1;63;https://detail.1688.com/offer/619421036687.html;;;;;;;;;;;;;;;;;;;;;;;;;;;;;;;;;;;;;;;;;;;;;;;;;;;;;;;;;;;;;;;;;;;;;;;;;;;;;;;;;;;;;;;;;;;;;;;;;;;;;;;;;;;;;;;;;;;;;;;;;;;;;;;;;;;;;;;;;;;;;;;;;;;;;;;;;;;;;;;;;;;;;;;;;;;;;;;;;;;;;;;;;;;;;;;;
广州市唯渡斯贸易有限公司;https://woaimimi.1688.com;1;63;https://detail.1688.com/offer/639990071269.html;;;;;;;;;;;;;;;;;;;;;;;;;;;;;;;;;;;;;;;;;;;;;;;;;;;;;;;;;;;;;;;;;;;;;;;;;;;;;;;;;;;;;;;;;;;;;;;;;;;;;;;;;;;;;;;;;;;;;;;;;;;;;;;;;;;;;;;;;;;;;;;;;;;;;;;;;;;;;;;;;;;;;;;;;;;;;;;;;;;;;;;;;;;;;;;;
深圳市龙岗区新秀丽服饰厂;https://xiulifashion.1688.com;1;63;https://detail.1688.com/offer/547476259876.html;;;;;;;;;;;;;;;;;;;;;;;;;;;;;;;;;;;;;;;;;;;;;;;;;;;;;;;;;;;;;;;;;;;;;;;;;;;;;;;;;;;;;;;;;;;;;;;;;;;;;;;;;;;;;;;;;;;;;;;;;;;;;;;;;;;;;;;;;;;;;;;;;;;;;;;;;;;;;;;;;;;;;;;;;;;;;;;;;;;;;;;;;;;;;;;;
广州市天河区沙东鸿日服饰店;https://shop5u82sx9944989.1688.com;1;63;https://detail.1688.com/offer/651306502619.html;;;;;;;;;;;;;;;;;;;;;;;;;;;;;;;;;;;;;;;;;;;;;;;;;;;;;;;;;;;;;;;;;;;;;;;;;;;;;;;;;;;;;;;;;;;;;;;;;;;;;;;;;;;;;;;;;;;;;;;;;;;;;;;;;;;;;;;;;;;;;;;;;;;;;;;;;;;;;;;;;;;;;;;;;;;;;;;;;;;;;;;;;;;;;;;;
深圳市宝安区沙井卡卡侬服饰厂;https://kakanong.1688.com;1;63;https://detail.1688.com/offer/648326852271.html;;;;;;;;;;;;;;;;;;;;;;;;;;;;;;;;;;;;;;;;;;;;;;;;;;;;;;;;;;;;;;;;;;;;;;;;;;;;;;;;;;;;;;;;;;;;;;;;;;;;;;;;;;;;;;;;;;;;;;;;;;;;;;;;;;;;;;;;;;;;;;;;;;;;;;;;;;;;;;;;;;;;;;;;;;;;;;;;;;;;;;;;;;;;;;;;
宁乡典军服装店;https://omyfzc.1688.com;1;63;https://detail.1688.com/offer/595493879487.html;;;;;;;;;;;;;;;;;;;;;;;;;;;;;;;;;;;;;;;;;;;;;;;;;;;;;;;;;;;;;;;;;;;;;;;;;;;;;;;;;;;;;;;;;;;;;;;;;;;;;;;;;;;;;;;;;;;;;;;;;;;;;;;;;;;;;;;;;;;;;;;;;;;;;;;;;;;;;;;;;;;;;;;;;;;;;;;;;;;;;;;;;;;;;;;;
义乌市娇姿电子商务商行;https://shop1412872902173.1688.com;1;64;https://detail.1688.com/offer/568630473638.html;;;;;;;;;;;;;;;;;;;;;;;;;;;;;;;;;;;;;;;;;;;;;;;;;;;;;;;;;;;;;;;;;;;;;;;;;;;;;;;;;;;;;;;;;;;;;;;;;;;;;;;;;;;;;;;;;;;;;;;;;;;;;;;;;;;;;;;;;;;;;;;;;;;;;;;;;;;;;;;;;;;;;;;;;;;;;;;;;;;;;;;;;;;;;;;;
浦江县华德袜厂;https://hxsocks.1688.com;1;64;https://detail.1688.com/offer/640488385376.html;;;;;;;;;;;;;;;;;;;;;;;;;;;;;;;;;;;;;;;;;;;;;;;;;;;;;;;;;;;;;;;;;;;;;;;;;;;;;;;;;;;;;;;;;;;;;;;;;;;;;;;;;;;;;;;;;;;;;;;;;;;;;;;;;;;;;;;;;;;;;;;;;;;;;;;;;;;;;;;;;;;;;;;;;;;;;;;;;;;;;;;;;;;;;;;;
台州红远袜业有限公司;https://shop606c033n74038.1688.com;1;64;https://detail.1688.com/offer/636913863819.html;;;;;;;;;;;;;;;;;;;;;;;;;;;;;;;;;;;;;;;;;;;;;;;;;;;;;;;;;;;;;;;;;;;;;;;;;;;;;;;;;;;;;;;;;;;;;;;;;;;;;;;;;;;;;;;;;;;;;;;;;;;;;;;;;;;;;;;;;;;;;;;;;;;;;;;;;;;;;;;;;;;;;;;;;;;;;;;;;;;;;;;;;;;;;;;;
义乌市越蝶服饰有限公司;https://wywa58.1688.com;1;64;https://detail.1688.com/offer/629000869053.html;;;;;;;;;;;;;;;;;;;;;;;;;;;;;;;;;;;;;;;;;;;;;;;;;;;;;;;;;;;;;;;;;;;;;;;;;;;;;;;;;;;;;;;;;;;;;;;;;;;;;;;;;;;;;;;;;;;;;;;;;;;;;;;;;;;;;;;;;;;;;;;;;;;;;;;;;;;;;;;;;;;;;;;;;;;;;;;;;;;;;;;;;;;;;;;;
义乌隆光服饰有限公司;https://hw3721.1688.com;1;64;https://detail.1688.com/offer/569413705051.html;;;;;;;;;;;;;;;;;;;;;;;;;;;;;;;;;;;;;;;;;;;;;;;;;;;;;;;;;;;;;;;;;;;;;;;;;;;;;;;;;;;;;;;;;;;;;;;;;;;;;;;;;;;;;;;;;;;;;;;;;;;;;;;;;;;;;;;;;;;;;;;;;;;;;;;;;;;;;;;;;;;;;;;;;;;;;;;;;;;;;;;;;;;;;;;;
义乌市媚趣服装厂;https://shop053p0517146q2.1688.com;1;64;https://detail.1688.com/offer/649340745631.html;;;;;;;;;;;;;;;;;;;;;;;;;;;;;;;;;;;;;;;;;;;;;;;;;;;;;;;;;;;;;;;;;;;;;;;;;;;;;;;;;;;;;;;;;;;;;;;;;;;;;;;;;;;;;;;;;;;;;;;;;;;;;;;;;;;;;;;;;;;;;;;;;;;;;;;;;;;;;;;;;;;;;;;;;;;;;;;;;;;;;;;;;;;;;;;;
天台县红中袜业有限公司;https://shop1459443989000.1688.com;1;64;https://detail.1688.com/offer/636705242550.html;;;;;;;;;;;;;;;;;;;;;;;;;;;;;;;;;;;;;;;;;;;;;;;;;;;;;;;;;;;;;;;;;;;;;;;;;;;;;;;;;;;;;;;;;;;;;;;;;;;;;;;;;;;;;;;;;;;;;;;;;;;;;;;;;;;;;;;;;;;;;;;;;;;;;;;;;;;;;;;;;;;;;;;;;;;;;;;;;;;;;;;;;;;;;;;;
永康市宏愿贸易有限公司;https://luye88.1688.com;1;64;https://detail.1688.com/offer/654253783636.html;;;;;;;;;;;;;;;;;;;;;;;;;;;;;;;;;;;;;;;;;;;;;;;;;;;;;;;;;;;;;;;;;;;;;;;;;;;;;;;;;;;;;;;;;;;;;;;;;;;;;;;;;;;;;;;;;;;;;;;;;;;;;;;;;;;;;;;;;;;;;;;;;;;;;;;;;;;;;;;;;;;;;;;;;;;;;;;;;;;;;;;;;;;;;;;;
义乌市诗飞服饰有限公司;https://shifei.1688.com;1;64;https://detail.1688.com/offer/565479379049.html;;;;;;;;;;;;;;;;;;;;;;;;;;;;;;;;;;;;;;;;;;;;;;;;;;;;;;;;;;;;;;;;;;;;;;;;;;;;;;;;;;;;;;;;;;;;;;;;;;;;;;;;;;;;;;;;;;;;;;;;;;;;;;;;;;;;;;;;;;;;;;;;;;;;;;;;;;;;;;;;;;;;;;;;;;;;;;;;;;;;;;;;;;;;;;;;
台州市才忠袜业有限公司;https://shop830i50b9418i6.1688.com;1;64;https://detail.1688.com/offer/635814070776.html;;;;;;;;;;;;;;;;;;;;;;;;;;;;;;;;;;;;;;;;;;;;;;;;;;;;;;;;;;;;;;;;;;;;;;;;;;;;;;;;;;;;;;;;;;;;;;;;;;;;;;;;;;;;;;;;;;;;;;;;;;;;;;;;;;;;;;;;;;;;;;;;;;;;;;;;;;;;;;;;;;;;;;;;;;;;;;;;;;;;;;;;;;;;;;;;
天台县足尚袜业经营部;https://shop988t60kd03101.1688.com;1;64;https://detail.1688.com/offer/637353431020.html;;;;;;;;;;;;;;;;;;;;;;;;;;;;;;;;;;;;;;;;;;;;;;;;;;;;;;;;;;;;;;;;;;;;;;;;;;;;;;;;;;;;;;;;;;;;;;;;;;;;;;;;;;;;;;;;;;;;;;;;;;;;;;;;;;;;;;;;;;;;;;;;;;;;;;;;;;;;;;;;;;;;;;;;;;;;;;;;;;;;;;;;;;;;;;;;
义乌市岱远针织有限公司;https://shop94423g57j4532.1688.com;1;64;https://detail.1688.com/offer/652183135268.html;;;;;;;;;;;;;;;;;;;;;;;;;;;;;;;;;;;;;;;;;;;;;;;;;;;;;;;;;;;;;;;;;;;;;;;;;;;;;;;;;;;;;;;;;;;;;;;;;;;;;;;;;;;;;;;;;;;;;;;;;;;;;;;;;;;;;;;;;;;;;;;;;;;;;;;;;;;;;;;;;;;;;;;;;;;;;;;;;;;;;;;;;;;;;;;;
天台县臻好服饰有限公司;https://zhenhaofushi.1688.com;1;64;https://detail.1688.com/offer/635167809788.html;;;;;;;;;;;;;;;;;;;;;;;;;;;;;;;;;;;;;;;;;;;;;;;;;;;;;;;;;;;;;;;;;;;;;;;;;;;;;;;;;;;;;;;;;;;;;;;;;;;;;;;;;;;;;;;;;;;;;;;;;;;;;;;;;;;;;;;;;;;;;;;;;;;;;;;;;;;;;;;;;;;;;;;;;;;;;;;;;;;;;;;;;;;;;;;;
义乌市迷蝶服装厂;https://shop86u97s8429081.1688.com;1;64;https://detail.1688.com/offer/614070537525.html;;;;;;;;;;;;;;;;;;;;;;;;;;;;;;;;;;;;;;;;;;;;;;;;;;;;;;;;;;;;;;;;;;;;;;;;;;;;;;;;;;;;;;;;;;;;;;;;;;;;;;;;;;;;;;;;;;;;;;;;;;;;;;;;;;;;;;;;;;;;;;;;;;;;;;;;;;;;;;;;;;;;;;;;;;;;;;;;;;;;;;;;;;;;;;;;
天台县静如针织品厂;https://shop18158606928.1688.com;1;64;https://detail.1688.com/offer/638404097355.html;;;;;;;;;;;;;;;;;;;;;;;;;;;;;;;;;;;;;;;;;;;;;;;;;;;;;;;;;;;;;;;;;;;;;;;;;;;;;;;;;;;;;;;;;;;;;;;;;;;;;;;;;;;;;;;;;;;;;;;;;;;;;;;;;;;;;;;;;;;;;;;;;;;;;;;;;;;;;;;;;;;;;;;;;;;;;;;;;;;;;;;;;;;;;;;;
广州聪业贸易有限公司;https://shop290ap2849f553.1688.com;1;64;https://detail.1688.com/offer/640175070013.html;;;;;;;;;;;;;;;;;;;;;;;;;;;;;;;;;;;;;;;;;;;;;;;;;;;;;;;;;;;;;;;;;;;;;;;;;;;;;;;;;;;;;;;;;;;;;;;;;;;;;;;;;;;;;;;;;;;;;;;;;;;;;;;;;;;;;;;;;;;;;;;;;;;;;;;;;;;;;;;;;;;;;;;;;;;;;;;;;;;;;;;;;;;;;;;;
广州市叁威辉石油化工有限公司;https://shop04i491a326i29.1688.com;1;64;https://detail.1688.com/offer/640175618855.html;;;;;;;;;;;;;;;;;;;;;;;;;;;;;;;;;;;;;;;;;;;;;;;;;;;;;;;;;;;;;;;;;;;;;;;;;;;;;;;;;;;;;;;;;;;;;;;;;;;;;;;;;;;;;;;;;;;;;;;;;;;;;;;;;;;;;;;;;;;;;;;;;;;;;;;;;;;;;;;;;;;;;;;;;;;;;;;;;;;;;;;;;;;;;;;;
广州市铭志建材有限公司;https://shop61qr0d2277391.1688.com;1;64;https://detail.1688.com/offer/640491699735.html;;;;;;;;;;;;;;;;;;;;;;;;;;;;;;;;;;;;;;;;;;;;;;;;;;;;;;;;;;;;;;;;;;;;;;;;;;;;;;;;;;;;;;;;;;;;;;;;;;;;;;;;;;;;;;;;;;;;;;;;;;;;;;;;;;;;;;;;;;;;;;;;;;;;;;;;;;;;;;;;;;;;;;;;;;;;;;;;;;;;;;;;;;;;;;;;
广州绍陵建材有限公司;https://shop85306ef323204.1688.com;1;64;https://detail.1688.com/offer/639830017206.html;;;;;;;;;;;;;;;;;;;;;;;;;;;;;;;;;;;;;;;;;;;;;;;;;;;;;;;;;;;;;;;;;;;;;;;;;;;;;;;;;;;;;;;;;;;;;;;;;;;;;;;;;;;;;;;;;;;;;;;;;;;;;;;;;;;;;;;;;;;;;;;;;;;;;;;;;;;;;;;;;;;;;;;;;;;;;;;;;;;;;;;;;;;;;;;;
天台县闪亮服饰有限公司;https://shop1488799863508.1688.com;1;64;https://detail.1688.com/offer/639952811262.html;;;;;;;;;;;;;;;;;;;;;;;;;;;;;;;;;;;;;;;;;;;;;;;;;;;;;;;;;;;;;;;;;;;;;;;;;;;;;;;;;;;;;;;;;;;;;;;;;;;;;;;;;;;;;;;;;;;;;;;;;;;;;;;;;;;;;;;;;;;;;;;;;;;;;;;;;;;;;;;;;;;;;;;;;;;;;;;;;;;;;;;;;;;;;;;;
深圳市龙华新区哈迪德服装厂;https://hadidfushi.1688.com;1;64;https://detail.1688.com/offer/622938626782.html;;;;;;;;;;;;;;;;;;;;;;;;;;;;;;;;;;;;;;;;;;;;;;;;;;;;;;;;;;;;;;;;;;;;;;;;;;;;;;;;;;;;;;;;;;;;;;;;;;;;;;;;;;;;;;;;;;;;;;;;;;;;;;;;;;;;;;;;;;;;;;;;;;;;;;;;;;;;;;;;;;;;;;;;;;;;;;;;;;;;;;;;;;;;;;;;
广州俐泓马贸易有限公司;https://shop675237gi8b221.1688.com;1;64;https://detail.1688.com/offer/645572300834.html;;;;;;;;;;;;;;;;;;;;;;;;;;;;;;;;;;;;;;;;;;;;;;;;;;;;;;;;;;;;;;;;;;;;;;;;;;;;;;;;;;;;;;;;;;;;;;;;;;;;;;;;;;;;;;;;;;;;;;;;;;;;;;;;;;;;;;;;;;;;;;;;;;;;;;;;;;;;;;;;;;;;;;;;;;;;;;;;;;;;;;;;;;;;;;;;
陈长治;https://shop1394470457532.1688.com;1;64;https://detail.1688.com/offer/639023541169.html;;;;;;;;;;;;;;;;;;;;;;;;;;;;;;;;;;;;;;;;;;;;;;;;;;;;;;;;;;;;;;;;;;;;;;;;;;;;;;;;;;;;;;;;;;;;;;;;;;;;;;;;;;;;;;;;;;;;;;;;;;;;;;;;;;;;;;;;;;;;;;;;;;;;;;;;;;;;;;;;;;;;;;;;;;;;;;;;;;;;;;;;;;;;;;;;
义乌市巴月电子商务有限公司;https://shop1398445175627.1688.com;1;68;https://detail.1688.com/offer/633976218148.html;;;;;;;;;;;;;;;;;;;;;;;;;;;;;;;;;;;;;;;;;;;;;;;;;;;;;;;;;;;;;;;;;;;;;;;;;;;;;;;;;;;;;;;;;;;;;;;;;;;;;;;;;;;;;;;;;;;;;;;;;;;;;;;;;;;;;;;;;;;;;;;;;;;;;;;;;;;;;;;;;;;;;;;;;;;;;;;;;;;;;;;;;;;;;;;;
义乌市朱诺电子商务商行;https://shop631g419089009.1688.com;1;68;https://detail.1688.com/offer/615159512888.html;;;;;;;;;;;;;;;;;;;;;;;;;;;;;;;;;;;;;;;;;;;;;;;;;;;;;;;;;;;;;;;;;;;;;;;;;;;;;;;;;;;;;;;;;;;;;;;;;;;;;;;;;;;;;;;;;;;;;;;;;;;;;;;;;;;;;;;;;;;;;;;;;;;;;;;;;;;;;;;;;;;;;;;;;;;;;;;;;;;;;;;;;;;;;;;;
义乌市星闪饰品厂;https://shop1394902422369.1688.com;1;68;https://detail.1688.com/offer/613858212256.html;;;;;;;;;;;;;;;;;;;;;;;;;;;;;;;;;;;;;;;;;;;;;;;;;;;;;;;;;;;;;;;;;;;;;;;;;;;;;;;;;;;;;;;;;;;;;;;;;;;;;;;;;;;;;;;;;;;;;;;;;;;;;;;;;;;;;;;;;;;;;;;;;;;;;;;;;;;;;;;;;;;;;;;;;;;;;;;;;;;;;;;;;;;;;;;;
义乌市卓臻饰品有限公司;https://shop1495817614054.1688.com;1;68;https://detail.1688.com/offer/601983408160.html;;;;;;;;;;;;;;;;;;;;;;;;;;;;;;;;;;;;;;;;;;;;;;;;;;;;;;;;;;;;;;;;;;;;;;;;;;;;;;;;;;;;;;;;;;;;;;;;;;;;;;;;;;;;;;;;;;;;;;;;;;;;;;;;;;;;;;;;;;;;;;;;;;;;;;;;;;;;;;;;;;;;;;;;;;;;;;;;;;;;;;;;;;;;;;;;
沭阳县艺龙干花工艺品厂;https://yilongganhua.1688.com;1;72;https://detail.1688.com/offer/537349767372.html;;;;;;;;;;;;;;;;;;;;;;;;;;;;;;;;;;;;;;;;;;;;;;;;;;;;;;;;;;;;;;;;;;;;;;;;;;;;;;;;;;;;;;;;;;;;;;;;;;;;;;;;;;;;;;;;;;;;;;;;;;;;;;;;;;;;;;;;;;;;;;;;;;;;;;;;;;;;;;;;;;;;;;;;;;;;;;;;;;;;;;;;;;;;;;;;
江门市西成光电科技有限公司;https://shop670j181993363.1688.com;1;72;https://detail.1688.com/offer/653410725973.html;;;;;;;;;;;;;;;;;;;;;;;;;;;;;;;;;;;;;;;;;;;;;;;;;;;;;;;;;;;;;;;;;;;;;;;;;;;;;;;;;;;;;;;;;;;;;;;;;;;;;;;;;;;;;;;;;;;;;;;;;;;;;;;;;;;;;;;;;;;;;;;;;;;;;;;;;;;;;;;;;;;;;;;;;;;;;;;;;;;;;;;;;;;;;;;;
义乌市蕾蕾饰品有限公司;https://shop09ao6919h6355.1688.com;1;74;https://detail.1688.com/offer/649042250672.html;;;;;;;;;;;;;;;;;;;;;;;;;;;;;;;;;;;;;;;;;;;;;;;;;;;;;;;;;;;;;;;;;;;;;;;;;;;;;;;;;;;;;;;;;;;;;;;;;;;;;;;;;;;;;;;;;;;;;;;;;;;;;;;;;;;;;;;;;;;;;;;;;;;;;;;;;;;;;;;;;;;;;;;;;;;;;;;;;;;;;;;;;;;;;;;;
义乌市骓晟信息科技有限公司;https://changquan6688.1688.com;1;74;https://detail.1688.com/offer/623162403261.html;;;;;;;;;;;;;;;;;;;;;;;;;;;;;;;;;;;;;;;;;;;;;;;;;;;;;;;;;;;;;;;;;;;;;;;;;;;;;;;;;;;;;;;;;;;;;;;;;;;;;;;;;;;;;;;;;;;;;;;;;;;;;;;;;;;;;;;;;;;;;;;;;;;;;;;;;;;;;;;;;;;;;;;;;;;;;;;;;;;;;;;;;;;;;;;;
海丰县梅陇尊尚首饰厂;https://hfmlzunshang.1688.com;1;74;https://detail.1688.com/offer/588081321919.html;;;;;;;;;;;;;;;;;;;;;;;;;;;;;;;;;;;;;;;;;;;;;;;;;;;;;;;;;;;;;;;;;;;;;;;;;;;;;;;;;;;;;;;;;;;;;;;;;;;;;;;;;;;;;;;;;;;;;;;;;;;;;;;;;;;;;;;;;;;;;;;;;;;;;;;;;;;;;;;;;;;;;;;;;;;;;;;;;;;;;;;;;;;;;;;;
义乌市钻岗饰品有限公司;https://yangen.1688.com;1;74;https://detail.1688.com/offer/632116192883.html;;;;;;;;;;;;;;;;;;;;;;;;;;;;;;;;;;;;;;;;;;;;;;;;;;;;;;;;;;;;;;;;;;;;;;;;;;;;;;;;;;;;;;;;;;;;;;;;;;;;;;;;;;;;;;;;;;;;;;;;;;;;;;;;;;;;;;;;;;;;;;;;;;;;;;;;;;;;;;;;;;;;;;;;;;;;;;;;;;;;;;;;;;;;;;;;
义乌市壹军电子商务商行;https://shop1x092x64322x8.1688.com;1;74;https://detail.1688.com/offer/590690386619.html;;;;;;;;;;;;;;;;;;;;;;;;;;;;;;;;;;;;;;;;;;;;;;;;;;;;;;;;;;;;;;;;;;;;;;;;;;;;;;;;;;;;;;;;;;;;;;;;;;;;;;;;;;;;;;;;;;;;;;;;;;;;;;;;;;;;;;;;;;;;;;;;;;;;;;;;;;;;;;;;;;;;;;;;;;;;;;;;;;;;;;;;;;;;;;;;
义乌市兢辰饰品有限公司;https://jinchen66.1688.com;1;74;https://detail.1688.com/offer/573934844852.html;;;;;;;;;;;;;;;;;;;;;;;;;;;;;;;;;;;;;;;;;;;;;;;;;;;;;;;;;;;;;;;;;;;;;;;;;;;;;;;;;;;;;;;;;;;;;;;;;;;;;;;;;;;;;;;;;;;;;;;;;;;;;;;;;;;;;;;;;;;;;;;;;;;;;;;;;;;;;;;;;;;;;;;;;;;;;;;;;;;;;;;;;;;;;;;;
东阳市懿姿电子商务商行;https://yzpendant.1688.com;1;74;https://detail.1688.com/offer/641829118106.html;;;;;;;;;;;;;;;;;;;;;;;;;;;;;;;;;;;;;;;;;;;;;;;;;;;;;;;;;;;;;;;;;;;;;;;;;;;;;;;;;;;;;;;;;;;;;;;;;;;;;;;;;;;;;;;;;;;;;;;;;;;;;;;;;;;;;;;;;;;;;;;;;;;;;;;;;;;;;;;;;;;;;;;;;;;;;;;;;;;;;;;;;;;;;;;;
段体敬;https://shop1441644880764.1688.com;1;74;https://detail.1688.com/offer/557471285409.html;;;;;;;;;;;;;;;;;;;;;;;;;;;;;;;;;;;;;;;;;;;;;;;;;;;;;;;;;;;;;;;;;;;;;;;;;;;;;;;;;;;;;;;;;;;;;;;;;;;;;;;;;;;;;;;;;;;;;;;;;;;;;;;;;;;;;;;;;;;;;;;;;;;;;;;;;;;;;;;;;;;;;;;;;;;;;;;;;;;;;;;;;;;;;;;;
义乌市伊钒饰品有限公司;https://shop0h02c35872o85.1688.com;1;74;https://detail.1688.com/offer/625831590298.html;;;;;;;;;;;;;;;;;;;;;;;;;;;;;;;;;;;;;;;;;;;;;;;;;;;;;;;;;;;;;;;;;;;;;;;;;;;;;;;;;;;;;;;;;;;;;;;;;;;;;;;;;;;;;;;;;;;;;;;;;;;;;;;;;;;;;;;;;;;;;;;;;;;;;;;;;;;;;;;;;;;;;;;;;;;;;;;;;;;;;;;;;;;;;;;;
义乌市冰舞电子商务商行;https://shop864649029t914.1688.com;1;74;https://detail.1688.com/offer/647035657414.html;;;;;;;;;;;;;;;;;;;;;;;;;;;;;;;;;;;;;;;;;;;;;;;;;;;;;;;;;;;;;;;;;;;;;;;;;;;;;;;;;;;;;;;;;;;;;;;;;;;;;;;;;;;;;;;;;;;;;;;;;;;;;;;;;;;;;;;;;;;;;;;;;;;;;;;;;;;;;;;;;;;;;;;;;;;;;;;;;;;;;;;;;;;;;;;;
义乌市日寻饰品有限公司;https://shop29o86414u1693.1688.com;1;74;https://detail.1688.com/offer/640123381824.html;;;;;;;;;;;;;;;;;;;;;;;;;;;;;;;;;;;;;;;;;;;;;;;;;;;;;;;;;;;;;;;;;;;;;;;;;;;;;;;;;;;;;;;;;;;;;;;;;;;;;;;;;;;;;;;;;;;;;;;;;;;;;;;;;;;;;;;;;;;;;;;;;;;;;;;;;;;;;;;;;;;;;;;;;;;;;;;;;;;;;;;;;;;;;;;;
义乌市涵汐贸易有限公司;https://shop00320bkd13298.1688.com;1;74;https://detail.1688.com/offer/652905073410.html;;;;;;;;;;;;;;;;;;;;;;;;;;;;;;;;;;;;;;;;;;;;;;;;;;;;;;;;;;;;;;;;;;;;;;;;;;;;;;;;;;;;;;;;;;;;;;;;;;;;;;;;;;;;;;;;;;;;;;;;;;;;;;;;;;;;;;;;;;;;;;;;;;;;;;;;;;;;;;;;;;;;;;;;;;;;;;;;;;;;;;;;;;;;;;;;
义乌市黛铭贸易有限公司;https://shop7o20598433627.1688.com;1;74;https://detail.1688.com/offer/607126896800.html;;;;;;;;;;;;;;;;;;;;;;;;;;;;;;;;;;;;;;;;;;;;;;;;;;;;;;;;;;;;;;;;;;;;;;;;;;;;;;;;;;;;;;;;;;;;;;;;;;;;;;;;;;;;;;;;;;;;;;;;;;;;;;;;;;;;;;;;;;;;;;;;;;;;;;;;;;;;;;;;;;;;;;;;;;;;;;;;;;;;;;;;;;;;;;;;
东阳市陈艳电子商务商行;https://shop29442h48h0799.1688.com;1;74;https://detail.1688.com/offer/651722094522.html;;;;;;;;;;;;;;;;;;;;;;;;;;;;;;;;;;;;;;;;;;;;;;;;;;;;;;;;;;;;;;;;;;;;;;;;;;;;;;;;;;;;;;;;;;;;;;;;;;;;;;;;;;;;;;;;;;;;;;;;;;;;;;;;;;;;;;;;;;;;;;;;;;;;;;;;;;;;;;;;;;;;;;;;;;;;;;;;;;;;;;;;;;;;;;;;
义乌市喜古饰品有限公司;https://shop5i62189j902e6.1688.com;1;74;https://detail.1688.com/offer/615805246388.html;;;;;;;;;;;;;;;;;;;;;;;;;;;;;;;;;;;;;;;;;;;;;;;;;;;;;;;;;;;;;;;;;;;;;;;;;;;;;;;;;;;;;;;;;;;;;;;;;;;;;;;;;;;;;;;;;;;;;;;;;;;;;;;;;;;;;;;;;;;;;;;;;;;;;;;;;;;;;;;;;;;;;;;;;;;;;;;;;;;;;;;;;;;;;;;;
东阳市白云峻德电子商务商行;https://529dsp.1688.com;1;74;https://detail.1688.com/offer/652967819451.html;;;;;;;;;;;;;;;;;;;;;;;;;;;;;;;;;;;;;;;;;;;;;;;;;;;;;;;;;;;;;;;;;;;;;;;;;;;;;;;;;;;;;;;;;;;;;;;;;;;;;;;;;;;;;;;;;;;;;;;;;;;;;;;;;;;;;;;;;;;;;;;;;;;;;;;;;;;;;;;;;;;;;;;;;;;;;;;;;;;;;;;;;;;;;;;;
义乌市铭钰饰品商行;https://shop24z8h42227v53.1688.com;1;74;https://detail.1688.com/offer/653340462929.html;;;;;;;;;;;;;;;;;;;;;;;;;;;;;;;;;;;;;;;;;;;;;;;;;;;;;;;;;;;;;;;;;;;;;;;;;;;;;;;;;;;;;;;;;;;;;;;;;;;;;;;;;;;;;;;;;;;;;;;;;;;;;;;;;;;;;;;;;;;;;;;;;;;;;;;;;;;;;;;;;;;;;;;;;;;;;;;;;;;;;;;;;;;;;;;;
义乌市丽源饰品厂;https://shop4h4l539575j76.1688.com;1;74;https://detail.1688.com/offer/613699202627.html;;;;;;;;;;;;;;;;;;;;;;;;;;;;;;;;;;;;;;;;;;;;;;;;;;;;;;;;;;;;;;;;;;;;;;;;;;;;;;;;;;;;;;;;;;;;;;;;;;;;;;;;;;;;;;;;;;;;;;;;;;;;;;;;;;;;;;;;;;;;;;;;;;;;;;;;;;;;;;;;;;;;;;;;;;;;;;;;;;;;;;;;;;;;;;;;
义乌市韶霞电子商务商行;https://shop9sm29343133v7.1688.com;1;74;https://detail.1688.com/offer/568036034336.html;;;;;;;;;;;;;;;;;;;;;;;;;;;;;;;;;;;;;;;;;;;;;;;;;;;;;;;;;;;;;;;;;;;;;;;;;;;;;;;;;;;;;;;;;;;;;;;;;;;;;;;;;;;;;;;;;;;;;;;;;;;;;;;;;;;;;;;;;;;;;;;;;;;;;;;;;;;;;;;;;;;;;;;;;;;;;;;;;;;;;;;;;;;;;;;;
义乌市林妍电子商务商行;https://shop8n75707781az4.1688.com;1;74;https://detail.1688.com/offer/596393137786.html;;;;;;;;;;;;;;;;;;;;;;;;;;;;;;;;;;;;;;;;;;;;;;;;;;;;;;;;;;;;;;;;;;;;;;;;;;;;;;;;;;;;;;;;;;;;;;;;;;;;;;;;;;;;;;;;;;;;;;;;;;;;;;;;;;;;;;;;;;;;;;;;;;;;;;;;;;;;;;;;;;;;;;;;;;;;;;;;;;;;;;;;;;;;;;;;
义乌市梵晶商贸有限公司;https://shop712713s056549.1688.com;1;74;https://detail.1688.com/offer/651123065777.html;;;;;;;;;;;;;;;;;;;;;;;;;;;;;;;;;;;;;;;;;;;;;;;;;;;;;;;;;;;;;;;;;;;;;;;;;;;;;;;;;;;;;;;;;;;;;;;;;;;;;;;;;;;;;;;;;;;;;;;;;;;;;;;;;;;;;;;;;;;;;;;;;;;;;;;;;;;;;;;;;;;;;;;;;;;;;;;;;;;;;;;;;;;;;;;;
义乌市有赛电子商务有限公司;https://shop1489510776655.1688.com;1;76;https://detail.1688.com/offer/589432222432.html;;;;;;;;;;;;;;;;;;;;;;;;;;;;;;;;;;;;;;;;;;;;;;;;;;;;;;;;;;;;;;;;;;;;;;;;;;;;;;;;;;;;;;;;;;;;;;;;;;;;;;;;;;;;;;;;;;;;;;;;;;;;;;;;;;;;;;;;;;;;;;;;;;;;;;;;;;;;;;;;;;;;;;;;;;;;;;;;;;;;;;;;;;;;;;;;
河南优拉国际贸易有限公司;https://shop3vm038o404309.1688.com;1;77;https://detail.1688.com/offer/615341184810.html;;;;;;;;;;;;;;;;;;;;;;;;;;;;;;;;;;;;;;;;;;;;;;;;;;;;;;;;;;;;;;;;;;;;;;;;;;;;;;;;;;;;;;;;;;;;;;;;;;;;;;;;;;;;;;;;;;;;;;;;;;;;;;;;;;;;;;;;;;;;;;;;;;;;;;;;;;;;;;;;;;;;;;;;;;;;;;;;;;;;;;;;;;;;;;;;
义乌市温宜饰品有限公司;https://venyjewelry.1688.com;1;77;https://detail.1688.com/offer/583786343405.html;;;;;;;;;;;;;;;;;;;;;;;;;;;;;;;;;;;;;;;;;;;;;;;;;;;;;;;;;;;;;;;;;;;;;;;;;;;;;;;;;;;;;;;;;;;;;;;;;;;;;;;;;;;;;;;;;;;;;;;;;;;;;;;;;;;;;;;;;;;;;;;;;;;;;;;;;;;;;;;;;;;;;;;;;;;;;;;;;;;;;;;;;;;;;;;;
河南布菲新娘饰品有限公司;https://shop091374746u468.1688.com;1;77;https://detail.1688.com/offer/640374516304.html;;;;;;;;;;;;;;;;;;;;;;;;;;;;;;;;;;;;;;;;;;;;;;;;;;;;;;;;;;;;;;;;;;;;;;;;;;;;;;;;;;;;;;;;;;;;;;;;;;;;;;;;;;;;;;;;;;;;;;;;;;;;;;;;;;;;;;;;;;;;;;;;;;;;;;;;;;;;;;;;;;;;;;;;;;;;;;;;;;;;;;;;;;;;;;;;
台州依杉鞋业有限公司;https://yishanxieye123.1688.com;1;78;https://detail.1688.com/offer/642222089561.html;;;;;;;;;;;;;;;;;;;;;;;;;;;;;;;;;;;;;;;;;;;;;;;;;;;;;;;;;;;;;;;;;;;;;;;;;;;;;;;;;;;;;;;;;;;;;;;;;;;;;;;;;;;;;;;;;;;;;;;;;;;;;;;;;;;;;;;;;;;;;;;;;;;;;;;;;;;;;;;;;;;;;;;;;;;;;;;;;;;;;;;;;;;;;;;;
义乌市银穗饰品厂;https://yinsuishipin.1688.com;1;78;https://detail.1688.com/offer/605985608605.html;;;;;;;;;;;;;;;;;;;;;;;;;;;;;;;;;;;;;;;;;;;;;;;;;;;;;;;;;;;;;;;;;;;;;;;;;;;;;;;;;;;;;;;;;;;;;;;;;;;;;;;;;;;;;;;;;;;;;;;;;;;;;;;;;;;;;;;;;;;;;;;;;;;;;;;;;;;;;;;;;;;;;;;;;;;;;;;;;;;;;;;;;;;;;;;;
温岭市大溪云宁童鞋商行;https://shop1474190192267.1688.com;1;78;https://detail.1688.com/offer/641729237516.html;;;;;;;;;;;;;;;;;;;;;;;;;;;;;;;;;;;;;;;;;;;;;;;;;;;;;;;;;;;;;;;;;;;;;;;;;;;;;;;;;;;;;;;;;;;;;;;;;;;;;;;;;;;;;;;;;;;;;;;;;;;;;;;;;;;;;;;;;;;;;;;;;;;;;;;;;;;;;;;;;;;;;;;;;;;;;;;;;;;;;;;;;;;;;;;;
义乌市甜雅饰品商行;https://shop1407806197587.1688.com;1;79;https://detail.1688.com/offer/591224448867.html;;;;;;;;;;;;;;;;;;;;;;;;;;;;;;;;;;;;;;;;;;;;;;;;;;;;;;;;;;;;;;;;;;;;;;;;;;;;;;;;;;;;;;;;;;;;;;;;;;;;;;;;;;;;;;;;;;;;;;;;;;;;;;;;;;;;;;;;;;;;;;;;;;;;;;;;;;;;;;;;;;;;;;;;;;;;;;;;;;;;;;;;;;;;;;;;
南宁外效堂生物科技有限公司;https://395002867.1688.com;1;80;https://detail.1688.com/offer/594862360179.html;;;;;;;;;;;;;;;;;;;;;;;;;;;;;;;;;;;;;;;;;;;;;;;;;;;;;;;;;;;;;;;;;;;;;;;;;;;;;;;;;;;;;;;;;;;;;;;;;;;;;;;;;;;;;;;;;;;;;;;;;;;;;;;;;;;;;;;;;;;;;;;;;;;;;;;;;;;;;;;;;;;;;;;;;;;;;;;;;;;;;;;;;;;;;;;;
深圳市宝安区景心堂工艺品商行;https://shop1461603533463.1688.com;1;80;https://detail.1688.com/offer/580083923862.html;;;;;;;;;;;;;;;;;;;;;;;;;;;;;;;;;;;;;;;;;;;;;;;;;;;;;;;;;;;;;;;;;;;;;;;;;;;;;;;;;;;;;;;;;;;;;;;;;;;;;;;;;;;;;;;;;;;;;;;;;;;;;;;;;;;;;;;;;;;;;;;;;;;;;;;;;;;;;;;;;;;;;;;;;;;;;;;;;;;;;;;;;;;;;;;;
东海县尚轩珠宝有限公司;https://shop1459357581793.1688.com;1;80;https://detail.1688.com/offer/582617952174.html;;;;;;;;;;;;;;;;;;;;;;;;;;;;;;;;;;;;;;;;;;;;;;;;;;;;;;;;;;;;;;;;;;;;;;;;;;;;;;;;;;;;;;;;;;;;;;;;;;;;;;;;;;;;;;;;;;;;;;;;;;;;;;;;;;;;;;;;;;;;;;;;;;;;;;;;;;;;;;;;;;;;;;;;;;;;;;;;;;;;;;;;;;;;;;;;
义乌市费娅贸易有限公司;https://shop852894407j2l1.1688.com;1;80;https://detail.1688.com/offer/578771482861.html;;;;;;;;;;;;;;;;;;;;;;;;;;;;;;;;;;;;;;;;;;;;;;;;;;;;;;;;;;;;;;;;;;;;;;;;;;;;;;;;;;;;;;;;;;;;;;;;;;;;;;;;;;;;;;;;;;;;;;;;;;;;;;;;;;;;;;;;;;;;;;;;;;;;;;;;;;;;;;;;;;;;;;;;;;;;;;;;;;;;;;;;;;;;;;;;
义乌市科尼电子商务商行;https://shop28079549959f7.1688.com;1;80;https://detail.1688.com/offer/586248935457.html;;;;;;;;;;;;;;;;;;;;;;;;;;;;;;;;;;;;;;;;;;;;;;;;;;;;;;;;;;;;;;;;;;;;;;;;;;;;;;;;;;;;;;;;;;;;;;;;;;;;;;;;;;;;;;;;;;;;;;;;;;;;;;;;;;;;;;;;;;;;;;;;;;;;;;;;;;;;;;;;;;;;;;;;;;;;;;;;;;;;;;;;;;;;;;;;
义乌市长斯饰品有限公司;https://shop82354j49t22q2.1688.com;1;80;https://detail.1688.com/offer/602268898686.html;;;;;;;;;;;;;;;;;;;;;;;;;;;;;;;;;;;;;;;;;;;;;;;;;;;;;;;;;;;;;;;;;;;;;;;;;;;;;;;;;;;;;;;;;;;;;;;;;;;;;;;;;;;;;;;;;;;;;;;;;;;;;;;;;;;;;;;;;;;;;;;;;;;;;;;;;;;;;;;;;;;;;;;;;;;;;;;;;;;;;;;;;;;;;;;;
义乌市融科电子商务商行;https://shop1459357297007.1688.com;1;80;https://detail.1688.com/offer/577599826441.html;;;;;;;;;;;;;;;;;;;;;;;;;;;;;;;;;;;;;;;;;;;;;;;;;;;;;;;;;;;;;;;;;;;;;;;;;;;;;;;;;;;;;;;;;;;;;;;;;;;;;;;;;;;;;;;;;;;;;;;;;;;;;;;;;;;;;;;;;;;;;;;;;;;;;;;;;;;;;;;;;;;;;;;;;;;;;;;;;;;;;;;;;;;;;;;;
镇平县了尘珠宝玉器铺;https://shop7352559412q12.1688.com;1;80;https://detail.1688.com/offer/655416521034.html;;;;;;;;;;;;;;;;;;;;;;;;;;;;;;;;;;;;;;;;;;;;;;;;;;;;;;;;;;;;;;;;;;;;;;;;;;;;;;;;;;;;;;;;;;;;;;;;;;;;;;;;;;;;;;;;;;;;;;;;;;;;;;;;;;;;;;;;;;;;;;;;;;;;;;;;;;;;;;;;;;;;;;;;;;;;;;;;;;;;;;;;;;;;;;;;
深圳市欧斯密贸易有限公司;https://szsosm.1688.com;1;80;https://detail.1688.com/offer/603052794153.html;;;;;;;;;;;;;;;;;;;;;;;;;;;;;;;;;;;;;;;;;;;;;;;;;;;;;;;;;;;;;;;;;;;;;;;;;;;;;;;;;;;;;;;;;;;;;;;;;;;;;;;;;;;;;;;;;;;;;;;;;;;;;;;;;;;;;;;;;;;;;;;;;;;;;;;;;;;;;;;;;;;;;;;;;;;;;;;;;;;;;;;;;;;;;;;;
尤溪县博古飞商行;https://shop245957o465331.1688.com;1;80;https://detail.1688.com/offer/649851355129.html;;;;;;;;;;;;;;;;;;;;;;;;;;;;;;;;;;;;;;;;;;;;;;;;;;;;;;;;;;;;;;;;;;;;;;;;;;;;;;;;;;;;;;;;;;;;;;;;;;;;;;;;;;;;;;;;;;;;;;;;;;;;;;;;;;;;;;;;;;;;;;;;;;;;;;;;;;;;;;;;;;;;;;;;;;;;;;;;;;;;;;;;;;;;;;;;
深圳市宝安区德厚斋工艺品商行;https://shop7938787518jh1.1688.com;1;80;https://detail.1688.com/offer/602634733379.html;;;;;;;;;;;;;;;;;;;;;;;;;;;;;;;;;;;;;;;;;;;;;;;;;;;;;;;;;;;;;;;;;;;;;;;;;;;;;;;;;;;;;;;;;;;;;;;;;;;;;;;;;;;;;;;;;;;;;;;;;;;;;;;;;;;;;;;;;;;;;;;;;;;;;;;;;;;;;;;;;;;;;;;;;;;;;;;;;;;;;;;;;;;;;;;;
仙游县鲤城北灵贸易商行;https://shop6e1773g89e813.1688.com;1;80;https://detail.1688.com/offer/626128204335.html;;;;;;;;;;;;;;;;;;;;;;;;;;;;;;;;;;;;;;;;;;;;;;;;;;;;;;;;;;;;;;;;;;;;;;;;;;;;;;;;;;;;;;;;;;;;;;;;;;;;;;;;;;;;;;;;;;;;;;;;;;;;;;;;;;;;;;;;;;;;;;;;;;;;;;;;;;;;;;;;;;;;;;;;;;;;;;;;;;;;;;;;;;;;;;;;
义乌市秀好饰品有限公司;https://shop1492447995413.1688.com;1;80;https://detail.1688.com/offer/579559263287.html;;;;;;;;;;;;;;;;;;;;;;;;;;;;;;;;;;;;;;;;;;;;;;;;;;;;;;;;;;;;;;;;;;;;;;;;;;;;;;;;;;;;;;;;;;;;;;;;;;;;;;;;;;;;;;;;;;;;;;;;;;;;;;;;;;;;;;;;;;;;;;;;;;;;;;;;;;;;;;;;;;;;;;;;;;;;;;;;;;;;;;;;;;;;;;;;
广州禅悟首饰有限公司;https://yinhuizhubao.1688.com;1;80;https://detail.1688.com/offer/596995351163.html;;;;;;;;;;;;;;;;;;;;;;;;;;;;;;;;;;;;;;;;;;;;;;;;;;;;;;;;;;;;;;;;;;;;;;;;;;;;;;;;;;;;;;;;;;;;;;;;;;;;;;;;;;;;;;;;;;;;;;;;;;;;;;;;;;;;;;;;;;;;;;;;;;;;;;;;;;;;;;;;;;;;;;;;;;;;;;;;;;;;;;;;;;;;;;;;
义乌市娅轩电子商务商行;https://yaxuansp.1688.com;1;80;https://detail.1688.com/offer/520188273080.html;;;;;;;;;;;;;;;;;;;;;;;;;;;;;;;;;;;;;;;;;;;;;;;;;;;;;;;;;;;;;;;;;;;;;;;;;;;;;;;;;;;;;;;;;;;;;;;;;;;;;;;;;;;;;;;;;;;;;;;;;;;;;;;;;;;;;;;;;;;;;;;;;;;;;;;;;;;;;;;;;;;;;;;;;;;;;;;;;;;;;;;;;;;;;;;;
义乌市露晏轩饰品有限公司;https://shop1382719953536.1688.com;1;80;https://detail.1688.com/offer/520821978737.html;;;;;;;;;;;;;;;;;;;;;;;;;;;;;;;;;;;;;;;;;;;;;;;;;;;;;;;;;;;;;;;;;;;;;;;;;;;;;;;;;;;;;;;;;;;;;;;;;;;;;;;;;;;;;;;;;;;;;;;;;;;;;;;;;;;;;;;;;;;;;;;;;;;;;;;;;;;;;;;;;;;;;;;;;;;;;;;;;;;;;;;;;;;;;;;;
东海县百慕水晶有限公司;https://shop1688dhsy.1688.com;1;80;https://detail.1688.com/offer/614742144456.html;;;;;;;;;;;;;;;;;;;;;;;;;;;;;;;;;;;;;;;;;;;;;;;;;;;;;;;;;;;;;;;;;;;;;;;;;;;;;;;;;;;;;;;;;;;;;;;;;;;;;;;;;;;;;;;;;;;;;;;;;;;;;;;;;;;;;;;;;;;;;;;;;;;;;;;;;;;;;;;;;;;;;;;;;;;;;;;;;;;;;;;;;;;;;;;;
义乌市道腾贸易有限公司;https://daotengjewelry.1688.com;1;80;https://detail.1688.com/offer/557190831509.html;;;;;;;;;;;;;;;;;;;;;;;;;;;;;;;;;;;;;;;;;;;;;;;;;;;;;;;;;;;;;;;;;;;;;;;;;;;;;;;;;;;;;;;;;;;;;;;;;;;;;;;;;;;;;;;;;;;;;;;;;;;;;;;;;;;;;;;;;;;;;;;;;;;;;;;;;;;;;;;;;;;;;;;;;;;;;;;;;;;;;;;;;;;;;;;;
衡山上缘阁工艺品商行;https://shop1456159985108.1688.com;1;80;https://detail.1688.com/offer/626218692910.html;;;;;;;;;;;;;;;;;;;;;;;;;;;;;;;;;;;;;;;;;;;;;;;;;;;;;;;;;;;;;;;;;;;;;;;;;;;;;;;;;;;;;;;;;;;;;;;;;;;;;;;;;;;;;;;;;;;;;;;;;;;;;;;;;;;;;;;;;;;;;;;;;;;;;;;;;;;;;;;;;;;;;;;;;;;;;;;;;;;;;;;;;;;;;;;;
义乌市胜龙电子商务有限公司;https://shop045e860437738.1688.com;1;80;https://detail.1688.com/offer/601768541986.html;;;;;;;;;;;;;;;;;;;;;;;;;;;;;;;;;;;;;;;;;;;;;;;;;;;;;;;;;;;;;;;;;;;;;;;;;;;;;;;;;;;;;;;;;;;;;;;;;;;;;;;;;;;;;;;;;;;;;;;;;;;;;;;;;;;;;;;;;;;;;;;;;;;;;;;;;;;;;;;;;;;;;;;;;;;;;;;;;;;;;;;;;;;;;;;;
深圳市泉溪水商贸有限公司;https://shop5933j55r23926.1688.com;1;80;https://detail.1688.com/offer/628737018020.html;;;;;;;;;;;;;;;;;;;;;;;;;;;;;;;;;;;;;;;;;;;;;;;;;;;;;;;;;;;;;;;;;;;;;;;;;;;;;;;;;;;;;;;;;;;;;;;;;;;;;;;;;;;;;;;;;;;;;;;;;;;;;;;;;;;;;;;;;;;;;;;;;;;;;;;;;;;;;;;;;;;;;;;;;;;;;;;;;;;;;;;;;;;;;;;;
义乌市坤杰进出口有限公司;https://shop1476981912337.1688.com;1;80;https://detail.1688.com/offer/646011508093.html;;;;;;;;;;;;;;;;;;;;;;;;;;;;;;;;;;;;;;;;;;;;;;;;;;;;;;;;;;;;;;;;;;;;;;;;;;;;;;;;;;;;;;;;;;;;;;;;;;;;;;;;;;;;;;;;;;;;;;;;;;;;;;;;;;;;;;;;;;;;;;;;;;;;;;;;;;;;;;;;;;;;;;;;;;;;;;;;;;;;;;;;;;;;;;;;
东海县牛山玛莎蒂罗水晶制品厂;https://shop1420476244293.1688.com;1;80;https://detail.1688.com/offer/521759351423.html;;;;;;;;;;;;;;;;;;;;;;;;;;;;;;;;;;;;;;;;;;;;;;;;;;;;;;;;;;;;;;;;;;;;;;;;;;;;;;;;;;;;;;;;;;;;;;;;;;;;;;;;;;;;;;;;;;;;;;;;;;;;;;;;;;;;;;;;;;;;;;;;;;;;;;;;;;;;;;;;;;;;;;;;;;;;;;;;;;;;;;;;;;;;;;;;
睢宁县亚洋纺织厂;https://shop761380242yy30.1688.com;1;80;https://detail.1688.com/offer/644564274243.html;;;;;;;;;;;;;;;;;;;;;;;;;;;;;;;;;;;;;;;;;;;;;;;;;;;;;;;;;;;;;;;;;;;;;;;;;;;;;;;;;;;;;;;;;;;;;;;;;;;;;;;;;;;;;;;;;;;;;;;;;;;;;;;;;;;;;;;;;;;;;;;;;;;;;;;;;;;;;;;;;;;;;;;;;;;;;;;;;;;;;;;;;;;;;;;;
义乌市凡友电子商务有限公司;https://shop1395680160892.1688.com;1;80;https://detail.1688.com/offer/575456046957.html;;;;;;;;;;;;;;;;;;;;;;;;;;;;;;;;;;;;;;;;;;;;;;;;;;;;;;;;;;;;;;;;;;;;;;;;;;;;;;;;;;;;;;;;;;;;;;;;;;;;;;;;;;;;;;;;;;;;;;;;;;;;;;;;;;;;;;;;;;;;;;;;;;;;;;;;;;;;;;;;;;;;;;;;;;;;;;;;;;;;;;;;;;;;;;;;
郑州市二七区博琳通讯设备商行;https://bolin3022.1688.com;1;80;https://detail.1688.com/offer/619608389791.html;;;;;;;;;;;;;;;;;;;;;;;;;;;;;;;;;;;;;;;;;;;;;;;;;;;;;;;;;;;;;;;;;;;;;;;;;;;;;;;;;;;;;;;;;;;;;;;;;;;;;;;;;;;;;;;;;;;;;;;;;;;;;;;;;;;;;;;;;;;;;;;;;;;;;;;;;;;;;;;;;;;;;;;;;;;;;;;;;;;;;;;;;;;;;;;;
连城县玥绅枝服装店;https://shop8878078852584.1688.com;1;80;https://detail.1688.com/offer/654438309096.html;;;;;;;;;;;;;;;;;;;;;;;;;;;;;;;;;;;;;;;;;;;;;;;;;;;;;;;;;;;;;;;;;;;;;;;;;;;;;;;;;;;;;;;;;;;;;;;;;;;;;;;;;;;;;;;;;;;;;;;;;;;;;;;;;;;;;;;;;;;;;;;;;;;;;;;;;;;;;;;;;;;;;;;;;;;;;;;;;;;;;;;;;;;;;;;;
东海县曲阳乡宋金杨水晶制品加工厂;https://shop23fa453088f40.1688.com;1;80;https://detail.1688.com/offer/643206595733.html;;;;;;;;;;;;;;;;;;;;;;;;;;;;;;;;;;;;;;;;;;;;;;;;;;;;;;;;;;;;;;;;;;;;;;;;;;;;;;;;;;;;;;;;;;;;;;;;;;;;;;;;;;;;;;;;;;;;;;;;;;;;;;;;;;;;;;;;;;;;;;;;;;;;;;;;;;;;;;;;;;;;;;;;;;;;;;;;;;;;;;;;;;;;;;;;
广州鸣银贸易有限公司;https://guyunyinge.1688.com;1;80;https://detail.1688.com/offer/643447001991.html;;;;;;;;;;;;;;;;;;;;;;;;;;;;;;;;;;;;;;;;;;;;;;;;;;;;;;;;;;;;;;;;;;;;;;;;;;;;;;;;;;;;;;;;;;;;;;;;;;;;;;;;;;;;;;;;;;;;;;;;;;;;;;;;;;;;;;;;;;;;;;;;;;;;;;;;;;;;;;;;;;;;;;;;;;;;;;;;;;;;;;;;;;;;;;;;
莆田市秀屿区埭头进锦服装店;https://shop4409p7479p908.1688.com;1;80;https://detail.1688.com/offer/648737800384.html;;;;;;;;;;;;;;;;;;;;;;;;;;;;;;;;;;;;;;;;;;;;;;;;;;;;;;;;;;;;;;;;;;;;;;;;;;;;;;;;;;;;;;;;;;;;;;;;;;;;;;;;;;;;;;;;;;;;;;;;;;;;;;;;;;;;;;;;;;;;;;;;;;;;;;;;;;;;;;;;;;;;;;;;;;;;;;;;;;;;;;;;;;;;;;;;
东海县牛山墨可爱水晶商行;https://mokeaisj.1688.com;1;80;https://detail.1688.com/offer/622691430758.html;;;;;;;;;;;;;;;;;;;;;;;;;;;;;;;;;;;;;;;;;;;;;;;;;;;;;;;;;;;;;;;;;;;;;;;;;;;;;;;;;;;;;;;;;;;;;;;;;;;;;;;;;;;;;;;;;;;;;;;;;;;;;;;;;;;;;;;;;;;;;;;;;;;;;;;;;;;;;;;;;;;;;;;;;;;;;;;;;;;;;;;;;;;;;;;;
东海县牛山镇艺丰水晶工艺品厂;https://yfsjgypc.1688.com;1;80;https://detail.1688.com/offer/521071775149.html;;;;;;;;;;;;;;;;;;;;;;;;;;;;;;;;;;;;;;;;;;;;;;;;;;;;;;;;;;;;;;;;;;;;;;;;;;;;;;;;;;;;;;;;;;;;;;;;;;;;;;;;;;;;;;;;;;;;;;;;;;;;;;;;;;;;;;;;;;;;;;;;;;;;;;;;;;;;;;;;;;;;;;;;;;;;;;;;;;;;;;;;;;;;;;;;
福州市仓山区城门苏绣工艺品经营部;https://shop312g6t83m0161.1688.com;1;80;https://detail.1688.com/offer/645463160365.html;;;;;;;;;;;;;;;;;;;;;;;;;;;;;;;;;;;;;;;;;;;;;;;;;;;;;;;;;;;;;;;;;;;;;;;;;;;;;;;;;;;;;;;;;;;;;;;;;;;;;;;;;;;;;;;;;;;;;;;;;;;;;;;;;;;;;;;;;;;;;;;;;;;;;;;;;;;;;;;;;;;;;;;;;;;;;;;;;;;;;;;;;;;;;;;;
义乌市义路电子商务有限公司;https://shop2t207488k7261.1688.com;1;80;https://detail.1688.com/offer/590322174992.html;;;;;;;;;;;;;;;;;;;;;;;;;;;;;;;;;;;;;;;;;;;;;;;;;;;;;;;;;;;;;;;;;;;;;;;;;;;;;;;;;;;;;;;;;;;;;;;;;;;;;;;;;;;;;;;;;;;;;;;;;;;;;;;;;;;;;;;;;;;;;;;;;;;;;;;;;;;;;;;;;;;;;;;;;;;;;;;;;;;;;;;;;;;;;;;;
惠州市石前石代珠宝有限公司;https://jiangwanzhao.1688.com;1;80;https://detail.1688.com/offer/1260087405.html;;;;;;;;;;;;;;;;;;;;;;;;;;;;;;;;;;;;;;;;;;;;;;;;;;;;;;;;;;;;;;;;;;;;;;;;;;;;;;;;;;;;;;;;;;;;;;;;;;;;;;;;;;;;;;;;;;;;;;;;;;;;;;;;;;;;;;;;;;;;;;;;;;;;;;;;;;;;;;;;;;;;;;;;;;;;;;;;;;;;;;;;;;;;;;;;
杭州迪优网络技术有限公司;https://diyoufozhu.1688.com;1;80;https://detail.1688.com/offer/45499883813.html;;;;;;;;;;;;;;;;;;;;;;;;;;;;;;;;;;;;;;;;;;;;;;;;;;;;;;;;;;;;;;;;;;;;;;;;;;;;;;;;;;;;;;;;;;;;;;;;;;;;;;;;;;;;;;;;;;;;;;;;;;;;;;;;;;;;;;;;;;;;;;;;;;;;;;;;;;;;;;;;;;;;;;;;;;;;;;;;;;;;;;;;;;;;;;;;
仙游县鲤城峰豪工艺品店;https://shop50p71342aj941.1688.com;1;80;https://detail.1688.com/offer/651474530531.html;;;;;;;;;;;;;;;;;;;;;;;;;;;;;;;;;;;;;;;;;;;;;;;;;;;;;;;;;;;;;;;;;;;;;;;;;;;;;;;;;;;;;;;;;;;;;;;;;;;;;;;;;;;;;;;;;;;;;;;;;;;;;;;;;;;;;;;;;;;;;;;;;;;;;;;;;;;;;;;;;;;;;;;;;;;;;;;;;;;;;;;;;;;;;;;;
义乌市彤芳电子商务商行;https://shop1489482511130.1688.com;1;80;https://detail.1688.com/offer/653114043999.html;;;;;;;;;;;;;;;;;;;;;;;;;;;;;;;;;;;;;;;;;;;;;;;;;;;;;;;;;;;;;;;;;;;;;;;;;;;;;;;;;;;;;;;;;;;;;;;;;;;;;;;;;;;;;;;;;;;;;;;;;;;;;;;;;;;;;;;;;;;;;;;;;;;;;;;;;;;;;;;;;;;;;;;;;;;;;;;;;;;;;;;;;;;;;;;;
广州市荔湾区鲜平饰品商行;https://fmzzc.1688.com;1;80;https://detail.1688.com/offer/602299316681.html;;;;;;;;;;;;;;;;;;;;;;;;;;;;;;;;;;;;;;;;;;;;;;;;;;;;;;;;;;;;;;;;;;;;;;;;;;;;;;;;;;;;;;;;;;;;;;;;;;;;;;;;;;;;;;;;;;;;;;;;;;;;;;;;;;;;;;;;;;;;;;;;;;;;;;;;;;;;;;;;;;;;;;;;;;;;;;;;;;;;;;;;;;;;;;;;
义乌市鼎都贸易有限公司;https://707868175.1688.com;1;82;https://detail.1688.com/offer/41100530097.html;;;;;;;;;;;;;;;;;;;;;;;;;;;;;;;;;;;;;;;;;;;;;;;;;;;;;;;;;;;;;;;;;;;;;;;;;;;;;;;;;;;;;;;;;;;;;;;;;;;;;;;;;;;;;;;;;;;;;;;;;;;;;;;;;;;;;;;;;;;;;;;;;;;;;;;;;;;;;;;;;;;;;;;;;;;;;;;;;;;;;;;;;;;;;;;;
义乌市嘉为电子商务商行;https://shop3905iw76459j3.1688.com;1;84;https://detail.1688.com/offer/642319862267.html;;;;;;;;;;;;;;;;;;;;;;;;;;;;;;;;;;;;;;;;;;;;;;;;;;;;;;;;;;;;;;;;;;;;;;;;;;;;;;;;;;;;;;;;;;;;;;;;;;;;;;;;;;;;;;;;;;;;;;;;;;;;;;;;;;;;;;;;;;;;;;;;;;;;;;;;;;;;;;;;;;;;;;;;;;;;;;;;;;;;;;;;;;;;;;;;
义乌市孜瑞贸易有限公司;https://shop3792885v58m05.1688.com;1;84;https://detail.1688.com/offer/636380548324.html;;;;;;;;;;;;;;;;;;;;;;;;;;;;;;;;;;;;;;;;;;;;;;;;;;;;;;;;;;;;;;;;;;;;;;;;;;;;;;;;;;;;;;;;;;;;;;;;;;;;;;;;;;;;;;;;;;;;;;;;;;;;;;;;;;;;;;;;;;;;;;;;;;;;;;;;;;;;;;;;;;;;;;;;;;;;;;;;;;;;;;;;;;;;;;;;
义乌市富滢电子商务商行;https://shop0358tx8j22359.1688.com;1;93;https://detail.1688.com/offer/600241540134.html;;;;;;;;;;;;;;;;;;;;;;;;;;;;;;;;;;;;;;;;;;;;;;;;;;;;;;;;;;;;;;;;;;;;;;;;;;;;;;;;;;;;;;;;;;;;;;;;;;;;;;;;;;;;;;;;;;;;;;;;;;;;;;;;;;;;;;;;;;;;;;;;;;;;;;;;;;;;;;;;;;;;;;;;;;;;;;;;;;;;;;;;;;;;;;;;
佛山市福品阁饰品有限公司;https://fupinge.1688.com;1;95;https://detail.1688.com/offer/525854069610.html;;;;;;;;;;;;;;;;;;;;;;;;;;;;;;;;;;;;;;;;;;;;;;;;;;;;;;;;;;;;;;;;;;;;;;;;;;;;;;;;;;;;;;;;;;;;;;;;;;;;;;;;;;;;;;;;;;;;;;;;;;;;;;;;;;;;;;;;;;;;;;;;;;;;;;;;;;;;;;;;;;;;;;;;;;;;;;;;;;;;;;;;;;;;;;;;
义乌市近思贸易有限公司;https://jssp888.1688.com;1;96;https://detail.1688.com/offer/646311293752.html;;;;;;;;;;;;;;;;;;;;;;;;;;;;;;;;;;;;;;;;;;;;;;;;;;;;;;;;;;;;;;;;;;;;;;;;;;;;;;;;;;;;;;;;;;;;;;;;;;;;;;;;;;;;;;;;;;;;;;;;;;;;;;;;;;;;;;;;;;;;;;;;;;;;;;;;;;;;;;;;;;;;;;;;;;;;;;;;;;;;;;;;;;;;;;;;
深圳市宝安区信琴饰品商行;https://shop47a7s446v8802.1688.com;1;96;https://detail.1688.com/offer/594204847296.html;;;;;;;;;;;;;;;;;;;;;;;;;;;;;;;;;;;;;;;;;;;;;;;;;;;;;;;;;;;;;;;;;;;;;;;;;;;;;;;;;;;;;;;;;;;;;;;;;;;;;;;;;;;;;;;;;;;;;;;;;;;;;;;;;;;;;;;;;;;;;;;;;;;;;;;;;;;;;;;;;;;;;;;;;;;;;;;;;;;;;;;;;;;;;;;;
义乌市阳航贸易有限公司;https://shop5h63l995l4529.1688.com;1;96;https://detail.1688.com/offer/641306165509.html;;;;;;;;;;;;;;;;;;;;;;;;;;;;;;;;;;;;;;;;;;;;;;;;;;;;;;;;;;;;;;;;;;;;;;;;;;;;;;;;;;;;;;;;;;;;;;;;;;;;;;;;;;;;;;;;;;;;;;;;;;;;;;;;;;;;;;;;;;;;;;;;;;;;;;;;;;;;;;;;;;;;;;;;;;;;;;;;;;;;;;;;;;;;;;;;
深圳市南山区爱诗魅首饰厂;https://esme168.1688.com;1;96;https://detail.1688.com/offer/537226101127.html;;;;;;;;;;;;;;;;;;;;;;;;;;;;;;;;;;;;;;;;;;;;;;;;;;;;;;;;;;;;;;;;;;;;;;;;;;;;;;;;;;;;;;;;;;;;;;;;;;;;;;;;;;;;;;;;;;;;;;;;;;;;;;;;;;;;;;;;;;;;;;;;;;;;;;;;;;;;;;;;;;;;;;;;;;;;;;;;;;;;;;;;;;;;;;;;
固安温泉休闲商务产业园区钰庆渔具厂;https://hbyqyjc.1688.com;1;96;https://detail.1688.com/offer/536659793551.html;;;;;;;;;;;;;;;;;;;;;;;;;;;;;;;;;;;;;;;;;;;;;;;;;;;;;;;;;;;;;;;;;;;;;;;;;;;;;;;;;;;;;;;;;;;;;;;;;;;;;;;;;;;;;;;;;;;;;;;;;;;;;;;;;;;;;;;;;;;;;;;;;;;;;;;;;;;;;;;;;;;;;;;;;;;;;;;;;;;;;;;;;;;;;;;;
东阳市白云夏田电子商务商行;https://shop472l59e962381.1688.com;1;96;https://detail.1688.com/offer/581044231706.html;;;;;;;;;;;;;;;;;;;;;;;;;;;;;;;;;;;;;;;;;;;;;;;;;;;;;;;;;;;;;;;;;;;;;;;;;;;;;;;;;;;;;;;;;;;;;;;;;;;;;;;;;;;;;;;;;;;;;;;;;;;;;;;;;;;;;;;;;;;;;;;;;;;;;;;;;;;;;;;;;;;;;;;;;;;;;;;;;;;;;;;;;;;;;;;;
海丰县梅陇无限首饰厂;https://shop9e0k642638450.1688.com;1;96;https://detail.1688.com/offer/608251088612.html;;;;;;;;;;;;;;;;;;;;;;;;;;;;;;;;;;;;;;;;;;;;;;;;;;;;;;;;;;;;;;;;;;;;;;;;;;;;;;;;;;;;;;;;;;;;;;;;;;;;;;;;;;;;;;;;;;;;;;;;;;;;;;;;;;;;;;;;;;;;;;;;;;;;;;;;;;;;;;;;;;;;;;;;;;;;;;;;;;;;;;;;;;;;;;;;
海丰县梅陇诚博珠宝首饰经销部;https://shop1409071592373.1688.com;1;96;https://detail.1688.com/offer/651425870795.html;;;;;;;;;;;;;;;;;;;;;;;;;;;;;;;;;;;;;;;;;;;;;;;;;;;;;;;;;;;;;;;;;;;;;;;;;;;;;;;;;;;;;;;;;;;;;;;;;;;;;;;;;;;;;;;;;;;;;;;;;;;;;;;;;;;;;;;;;;;;;;;;;;;;;;;;;;;;;;;;;;;;;;;;;;;;;;;;;;;;;;;;;;;;;;;;
义乌市安笛饰品有限公司;https://shop9995602cg04j0.1688.com;1;96;https://detail.1688.com/offer/640145907853.html;;;;;;;;;;;;;;;;;;;;;;;;;;;;;;;;;;;;;;;;;;;;;;;;;;;;;;;;;;;;;;;;;;;;;;;;;;;;;;;;;;;;;;;;;;;;;;;;;;;;;;;;;;;;;;;;;;;;;;;;;;;;;;;;;;;;;;;;;;;;;;;;;;;;;;;;;;;;;;;;;;;;;;;;;;;;;;;;;;;;;;;;;;;;;;;;
义乌市宥麟电子商务有限公司;https://shop81q5p742k7990.1688.com;1;96;https://detail.1688.com/offer/655790070587.html;;;;;;;;;;;;;;;;;;;;;;;;;;;;;;;;;;;;;;;;;;;;;;;;;;;;;;;;;;;;;;;;;;;;;;;;;;;;;;;;;;;;;;;;;;;;;;;;;;;;;;;;;;;;;;;;;;;;;;;;;;;;;;;;;;;;;;;;;;;;;;;;;;;;;;;;;;;;;;;;;;;;;;;;;;;;;;;;;;;;;;;;;;;;;;;;
广州市达添银饰品有限公司;https://xdwchina.1688.com;1;96;https://detail.1688.com/offer/390976227.html;;;;;;;;;;;;;;;;;;;;;;;;;;;;;;;;;;;;;;;;;;;;;;;;;;;;;;;;;;;;;;;;;;;;;;;;;;;;;;;;;;;;;;;;;;;;;;;;;;;;;;;;;;;;;;;;;;;;;;;;;;;;;;;;;;;;;;;;;;;;;;;;;;;;;;;;;;;;;;;;;;;;;;;;;;;;;;;;;;;;;;;;;;;;;;;;
海丰县城爱美首饰有限公司;https://shop889q238j93608.1688.com;1;96;https://detail.1688.com/offer/640364906225.html;;;;;;;;;;;;;;;;;;;;;;;;;;;;;;;;;;;;;;;;;;;;;;;;;;;;;;;;;;;;;;;;;;;;;;;;;;;;;;;;;;;;;;;;;;;;;;;;;;;;;;;;;;;;;;;;;;;;;;;;;;;;;;;;;;;;;;;;;;;;;;;;;;;;;;;;;;;;;;;;;;;;;;;;;;;;;;;;;;;;;;;;;;;;;;;;
海丰县梅陇樱惟首饰厂;https://yingweishop.1688.com;1;96;https://detail.1688.com/offer/560432583376.html;;;;;;;;;;;;;;;;;;;;;;;;;;;;;;;;;;;;;;;;;;;;;;;;;;;;;;;;;;;;;;;;;;;;;;;;;;;;;;;;;;;;;;;;;;;;;;;;;;;;;;;;;;;;;;;;;;;;;;;;;;;;;;;;;;;;;;;;;;;;;;;;;;;;;;;;;;;;;;;;;;;;;;;;;;;;;;;;;;;;;;;;;;;;;;;;
义乌市晗杜电子商务商行;https://shop704xx31840z32.1688.com;1;96;https://detail.1688.com/offer/654074761612.html;;;;;;;;;;;;;;;;;;;;;;;;;;;;;;;;;;;;;;;;;;;;;;;;;;;;;;;;;;;;;;;;;;;;;;;;;;;;;;;;;;;;;;;;;;;;;;;;;;;;;;;;;;;;;;;;;;;;;;;;;;;;;;;;;;;;;;;;;;;;;;;;;;;;;;;;;;;;;;;;;;;;;;;;;;;;;;;;;;;;;;;;;;;;;;;;
深圳市恋依谷贸易有限公司;https://shop1384361951517.1688.com;1;96;https://detail.1688.com/offer/630426438212.html;;;;;;;;;;;;;;;;;;;;;;;;;;;;;;;;;;;;;;;;;;;;;;;;;;;;;;;;;;;;;;;;;;;;;;;;;;;;;;;;;;;;;;;;;;;;;;;;;;;;;;;;;;;;;;;;;;;;;;;;;;;;;;;;;;;;;;;;;;;;;;;;;;;;;;;;;;;;;;;;;;;;;;;;;;;;;;;;;;;;;;;;;;;;;;;;
深圳祥泰珠宝有限公司;https://xiangtaizhubao.1688.com;1;96;https://detail.1688.com/offer/37719339632.html;;;;;;;;;;;;;;;;;;;;;;;;;;;;;;;;;;;;;;;;;;;;;;;;;;;;;;;;;;;;;;;;;;;;;;;;;;;;;;;;;;;;;;;;;;;;;;;;;;;;;;;;;;;;;;;;;;;;;;;;;;;;;;;;;;;;;;;;;;;;;;;;;;;;;;;;;;;;;;;;;;;;;;;;;;;;;;;;;;;;;;;;;;;;;;;;
义乌市祺昇饰品有限公司;https://shop806q06l88e203.1688.com;1;96;https://detail.1688.com/offer/624620447481.html;;;;;;;;;;;;;;;;;;;;;;;;;;;;;;;;;;;;;;;;;;;;;;;;;;;;;;;;;;;;;;;;;;;;;;;;;;;;;;;;;;;;;;;;;;;;;;;;;;;;;;;;;;;;;;;;;;;;;;;;;;;;;;;;;;;;;;;;;;;;;;;;;;;;;;;;;;;;;;;;;;;;;;;;;;;;;;;;;;;;;;;;;;;;;;;;
惠东县平山迪洛尼首饰商行;https://shop40986f082f0f2.1688.com;1;96;https://detail.1688.com/offer/643290207532.html;;;;;;;;;;;;;;;;;;;;;;;;;;;;;;;;;;;;;;;;;;;;;;;;;;;;;;;;;;;;;;;;;;;;;;;;;;;;;;;;;;;;;;;;;;;;;;;;;;;;;;;;;;;;;;;;;;;;;;;;;;;;;;;;;;;;;;;;;;;;;;;;;;;;;;;;;;;;;;;;;;;;;;;;;;;;;;;;;;;;;;;;;;;;;;;;
海丰县梅陇骏发首饰厂;https://shop57619yyn73396.1688.com;1;96;https://detail.1688.com/offer/628457210288.html;;;;;;;;;;;;;;;;;;;;;;;;;;;;;;;;;;;;;;;;;;;;;;;;;;;;;;;;;;;;;;;;;;;;;;;;;;;;;;;;;;;;;;;;;;;;;;;;;;;;;;;;;;;;;;;;;;;;;;;;;;;;;;;;;;;;;;;;;;;;;;;;;;;;;;;;;;;;;;;;;;;;;;;;;;;;;;;;;;;;;;;;;;;;;;;;
深圳市特能达科技有限公司;https://shop20609u8r5m516.1688.com;1;96;https://detail.1688.com/offer/648617343707.html;;;;;;;;;;;;;;;;;;;;;;;;;;;;;;;;;;;;;;;;;;;;;;;;;;;;;;;;;;;;;;;;;;;;;;;;;;;;;;;;;;;;;;;;;;;;;;;;;;;;;;;;;;;;;;;;;;;;;;;;;;;;;;;;;;;;;;;;;;;;;;;;;;;;;;;;;;;;;;;;;;;;;;;;;;;;;;;;;;;;;;;;;;;;;;;;
海丰县梅陇新东艺首饰厂;https://520shipin.1688.com;1;96;https://detail.1688.com/offer/36535043355.html;;;;;;;;;;;;;;;;;;;;;;;;;;;;;;;;;;;;;;;;;;;;;;;;;;;;;;;;;;;;;;;;;;;;;;;;;;;;;;;;;;;;;;;;;;;;;;;;;;;;;;;;;;;;;;;;;;;;;;;;;;;;;;;;;;;;;;;;;;;;;;;;;;;;;;;;;;;;;;;;;;;;;;;;;;;;;;;;;;;;;;;;;;;;;;;;
海丰县梅陇艾菲儿首饰经销部;https://alffie.1688.com;1;96;https://detail.1688.com/offer/45211264481.html;;;;;;;;;;;;;;;;;;;;;;;;;;;;;;;;;;;;;;;;;;;;;;;;;;;;;;;;;;;;;;;;;;;;;;;;;;;;;;;;;;;;;;;;;;;;;;;;;;;;;;;;;;;;;;;;;;;;;;;;;;;;;;;;;;;;;;;;;;;;;;;;;;;;;;;;;;;;;;;;;;;;;;;;;;;;;;;;;;;;;;;;;;;;;;;;
义乌市梦园饰品厂;https://shop605i912686849.1688.com;1;96;https://detail.1688.com/offer/638584285668.html;;;;;;;;;;;;;;;;;;;;;;;;;;;;;;;;;;;;;;;;;;;;;;;;;;;;;;;;;;;;;;;;;;;;;;;;;;;;;;;;;;;;;;;;;;;;;;;;;;;;;;;;;;;;;;;;;;;;;;;;;;;;;;;;;;;;;;;;;;;;;;;;;;;;;;;;;;;;;;;;;;;;;;;;;;;;;;;;;;;;;;;;;;;;;;;;
义乌市怡源饰品有限公司;https://shop67p3l734l4508.1688.com;1;96;https://detail.1688.com/offer/575127010847.html;;;;;;;;;;;;;;;;;;;;;;;;;;;;;;;;;;;;;;;;;;;;;;;;;;;;;;;;;;;;;;;;;;;;;;;;;;;;;;;;;;;;;;;;;;;;;;;;;;;;;;;;;;;;;;;;;;;;;;;;;;;;;;;;;;;;;;;;;;;;;;;;;;;;;;;;;;;;;;;;;;;;;;;;;;;;;;;;;;;;;;;;;;;;;;;;
义乌邂逅饰品有限公司;https://0579xh.1688.com;1;96;https://detail.1688.com/offer/520385094125.html;;;;;;;;;;;;;;;;;;;;;;;;;;;;;;;;;;;;;;;;;;;;;;;;;;;;;;;;;;;;;;;;;;;;;;;;;;;;;;;;;;;;;;;;;;;;;;;;;;;;;;;;;;;;;;;;;;;;;;;;;;;;;;;;;;;;;;;;;;;;;;;;;;;;;;;;;;;;;;;;;;;;;;;;;;;;;;;;;;;;;;;;;;;;;;;;
海丰县梅陇俊盛首饰厂;https://junshengjewelry.1688.com;1;96;https://detail.1688.com/offer/37765115015.html;;;;;;;;;;;;;;;;;;;;;;;;;;;;;;;;;;;;;;;;;;;;;;;;;;;;;;;;;;;;;;;;;;;;;;;;;;;;;;;;;;;;;;;;;;;;;;;;;;;;;;;;;;;;;;;;;;;;;;;;;;;;;;;;;;;;;;;;;;;;;;;;;;;;;;;;;;;;;;;;;;;;;;;;;;;;;;;;;;;;;;;;;;;;;;;;
平邑县汇优商贸中心;https://shop6802082a3j5j3.1688.com;1;96;https://detail.1688.com/offer/652955564116.html;;;;;;;;;;;;;;;;;;;;;;;;;;;;;;;;;;;;;;;;;;;;;;;;;;;;;;;;;;;;;;;;;;;;;;;;;;;;;;;;;;;;;;;;;;;;;;;;;;;;;;;;;;;;;;;;;;;;;;;;;;;;;;;;;;;;;;;;;;;;;;;;;;;;;;;;;;;;;;;;;;;;;;;;;;;;;;;;;;;;;;;;;;;;;;;;
东莞市长安志鸿不锈钢饰品厂;https://zhihongbxgsp.1688.com;1;96;https://detail.1688.com/offer/649759926813.html;;;;;;;;;;;;;;;;;;;;;;;;;;;;;;;;;;;;;;;;;;;;;;;;;;;;;;;;;;;;;;;;;;;;;;;;;;;;;;;;;;;;;;;;;;;;;;;;;;;;;;;;;;;;;;;;;;;;;;;;;;;;;;;;;;;;;;;;;;;;;;;;;;;;;;;;;;;;;;;;;;;;;;;;;;;;;;;;;;;;;;;;;;;;;;;;
义乌市周怪电子商务商行;https://19740909abcd.1688.com;1;96;https://detail.1688.com/offer/35414085220.html;;;;;;;;;;;;;;;;;;;;;;;;;;;;;;;;;;;;;;;;;;;;;;;;;;;;;;;;;;;;;;;;;;;;;;;;;;;;;;;;;;;;;;;;;;;;;;;;;;;;;;;;;;;;;;;;;;;;;;;;;;;;;;;;;;;;;;;;;;;;;;;;;;;;;;;;;;;;;;;;;;;;;;;;;;;;;;;;;;;;;;;;;;;;;;;;
海丰县梅陇新海艺首饰厂;https://xinhaiyishoushi.1688.com;1;96;https://detail.1688.com/offer/549163391285.html;;;;;;;;;;;;;;;;;;;;;;;;;;;;;;;;;;;;;;;;;;;;;;;;;;;;;;;;;;;;;;;;;;;;;;;;;;;;;;;;;;;;;;;;;;;;;;;;;;;;;;;;;;;;;;;;;;;;;;;;;;;;;;;;;;;;;;;;;;;;;;;;;;;;;;;;;;;;;;;;;;;;;;;;;;;;;;;;;;;;;;;;;;;;;;;;
义乌市辽格日用百货有限公司;https://09098612.1688.com;1;96;https://detail.1688.com/offer/41792162974.html;;;;;;;;;;;;;;;;;;;;;;;;;;;;;;;;;;;;;;;;;;;;;;;;;;;;;;;;;;;;;;;;;;;;;;;;;;;;;;;;;;;;;;;;;;;;;;;;;;;;;;;;;;;;;;;;;;;;;;;;;;;;;;;;;;;;;;;;;;;;;;;;;;;;;;;;;;;;;;;;;;;;;;;;;;;;;;;;;;;;;;;;;;;;;;;;
广州市荔湾区秋盈饰品店;https://qyjewel.1688.com;1;96;https://detail.1688.com/offer/576075455551.html;;;;;;;;;;;;;;;;;;;;;;;;;;;;;;;;;;;;;;;;;;;;;;;;;;;;;;;;;;;;;;;;;;;;;;;;;;;;;;;;;;;;;;;;;;;;;;;;;;;;;;;;;;;;;;;;;;;;;;;;;;;;;;;;;;;;;;;;;;;;;;;;;;;;;;;;;;;;;;;;;;;;;;;;;;;;;;;;;;;;;;;;;;;;;;;;
东莞市长安正嘉饰品商行;https://shop53547e9b1d964.1688.com;1;96;https://detail.1688.com/offer/645991195653.html;;;;;;;;;;;;;;;;;;;;;;;;;;;;;;;;;;;;;;;;;;;;;;;;;;;;;;;;;;;;;;;;;;;;;;;;;;;;;;;;;;;;;;;;;;;;;;;;;;;;;;;;;;;;;;;;;;;;;;;;;;;;;;;;;;;;;;;;;;;;;;;;;;;;;;;;;;;;;;;;;;;;;;;;;;;;;;;;;;;;;;;;;;;;;;;;
义乌市昇勤电子商务商行;https://shop47516w427o706.1688.com;1;96;https://detail.1688.com/offer/650990686872.html;;;;;;;;;;;;;;;;;;;;;;;;;;;;;;;;;;;;;;;;;;;;;;;;;;;;;;;;;;;;;;;;;;;;;;;;;;;;;;;;;;;;;;;;;;;;;;;;;;;;;;;;;;;;;;;;;;;;;;;;;;;;;;;;;;;;;;;;;;;;;;;;;;;;;;;;;;;;;;;;;;;;;;;;;;;;;;;;;;;;;;;;;;;;;;;;
盐城市阜康轴承有限公司;https://ychrbzwz.1688.com;1;96;https://detail.1688.com/offer/623705370758.html;;;;;;;;;;;;;;;;;;;;;;;;;;;;;;;;;;;;;;;;;;;;;;;;;;;;;;;;;;;;;;;;;;;;;;;;;;;;;;;;;;;;;;;;;;;;;;;;;;;;;;;;;;;;;;;;;;;;;;;;;;;;;;;;;;;;;;;;;;;;;;;;;;;;;;;;;;;;;;;;;;;;;;;;;;;;;;;;;;;;;;;;;;;;;;;;
深圳市瑞利达贸易有限公司;https://yjsjpf.1688.com;1;96;https://detail.1688.com/offer/538548281885.html;;;;;;;;;;;;;;;;;;;;;;;;;;;;;;;;;;;;;;;;;;;;;;;;;;;;;;;;;;;;;;;;;;;;;;;;;;;;;;;;;;;;;;;;;;;;;;;;;;;;;;;;;;;;;;;;;;;;;;;;;;;;;;;;;;;;;;;;;;;;;;;;;;;;;;;;;;;;;;;;;;;;;;;;;;;;;;;;;;;;;;;;;;;;;;;;
义乌市聚力电子商务有限公司;https://shop67728357k4634.1688.com;1;96;https://detail.1688.com/offer/622446146615.html;;;;;;;;;;;;;;;;;;;;;;;;;;;;;;;;;;;;;;;;;;;;;;;;;;;;;;;;;;;;;;;;;;;;;;;;;;;;;;;;;;;;;;;;;;;;;;;;;;;;;;;;;;;;;;;;;;;;;;;;;;;;;;;;;;;;;;;;;;;;;;;;;;;;;;;;;;;;;;;;;;;;;;;;;;;;;;;;;;;;;;;;;;;;;;;;
深圳兵宏科技发展有限公司;https://binghong.1688.com;1;96;https://detail.1688.com/offer/611366945010.html;;;;;;;;;;;;;;;;;;;;;;;;;;;;;;;;;;;;;;;;;;;;;;;;;;;;;;;;;;;;;;;;;;;;;;;;;;;;;;;;;;;;;;;;;;;;;;;;;;;;;;;;;;;;;;;;;;;;;;;;;;;;;;;;;;;;;;;;;;;;;;;;;;;;;;;;;;;;;;;;;;;;;;;;;;;;;;;;;;;;;;;;;;;;;;;;
义乌市绿妆饰品厂;https://shop1466701955151.1688.com;1;96;https://detail.1688.com/offer/577811378823.html;;;;;;;;;;;;;;;;;;;;;;;;;;;;;;;;;;;;;;;;;;;;;;;;;;;;;;;;;;;;;;;;;;;;;;;;;;;;;;;;;;;;;;;;;;;;;;;;;;;;;;;;;;;;;;;;;;;;;;;;;;;;;;;;;;;;;;;;;;;;;;;;;;;;;;;;;;;;;;;;;;;;;;;;;;;;;;;;;;;;;;;;;;;;;;;;
义乌市谈谈电子商务商行;https://shop856i333h39y18.1688.com;1;96;https://detail.1688.com/offer/643059886965.html;;;;;;;;;;;;;;;;;;;;;;;;;;;;;;;;;;;;;;;;;;;;;;;;;;;;;;;;;;;;;;;;;;;;;;;;;;;;;;;;;;;;;;;;;;;;;;;;;;;;;;;;;;;;;;;;;;;;;;;;;;;;;;;;;;;;;;;;;;;;;;;;;;;;;;;;;;;;;;;;;;;;;;;;;;;;;;;;;;;;;;;;;;;;;;;;
深圳典界珠宝有限公司;https://shop1436233897507.1688.com;1;96;https://detail.1688.com/offer/520805647908.html;;;;;;;;;;;;;;;;;;;;;;;;;;;;;;;;;;;;;;;;;;;;;;;;;;;;;;;;;;;;;;;;;;;;;;;;;;;;;;;;;;;;;;;;;;;;;;;;;;;;;;;;;;;;;;;;;;;;;;;;;;;;;;;;;;;;;;;;;;;;;;;;;;;;;;;;;;;;;;;;;;;;;;;;;;;;;;;;;;;;;;;;;;;;;;;;
福州市台江区尚姿工艺品店;https://shop536c811873613.1688.com;1;96;https://detail.1688.com/offer/654679855403.html;;;;;;;;;;;;;;;;;;;;;;;;;;;;;;;;;;;;;;;;;;;;;;;;;;;;;;;;;;;;;;;;;;;;;;;;;;;;;;;;;;;;;;;;;;;;;;;;;;;;;;;;;;;;;;;;;;;;;;;;;;;;;;;;;;;;;;;;;;;;;;;;;;;;;;;;;;;;;;;;;;;;;;;;;;;;;;;;;;;;;;;;;;;;;;;;
石狮市泰圣云乐百货商行;https://shop345216870t894.1688.com;1;96;https://detail.1688.com/offer/649503340202.html;;;;;;;;;;;;;;;;;;;;;;;;;;;;;;;;;;;;;;;;;;;;;;;;;;;;;;;;;;;;;;;;;;;;;;;;;;;;;;;;;;;;;;;;;;;;;;;;;;;;;;;;;;;;;;;;;;;;;;;;;;;;;;;;;;;;;;;;;;;;;;;;;;;;;;;;;;;;;;;;;;;;;;;;;;;;;;;;;;;;;;;;;;;;;;;;
深圳市莱格斯特科技有限公司;https://shop94253i2985371.1688.com;1;96;https://detail.1688.com/offer/634552081674.html;;;;;;;;;;;;;;;;;;;;;;;;;;;;;;;;;;;;;;;;;;;;;;;;;;;;;;;;;;;;;;;;;;;;;;;;;;;;;;;;;;;;;;;;;;;;;;;;;;;;;;;;;;;;;;;;;;;;;;;;;;;;;;;;;;;;;;;;;;;;;;;;;;;;;;;;;;;;;;;;;;;;;;;;;;;;;;;;;;;;;;;;;;;;;;;;
遂昌厉风百货商行;https://shop08n7b118l7197.1688.com;1;96;https://detail.1688.com/offer/655818563241.html;;;;;;;;;;;;;;;;;;;;;;;;;;;;;;;;;;;;;;;;;;;;;;;;;;;;;;;;;;;;;;;;;;;;;;;;;;;;;;;;;;;;;;;;;;;;;;;;;;;;;;;;;;;;;;;;;;;;;;;;;;;;;;;;;;;;;;;;;;;;;;;;;;;;;;;;;;;;;;;;;;;;;;;;;;;;;;;;;;;;;;;;;;;;;;;;
长沙市天心区盛霖百货商行;https://shop76922t13863s5.1688.com;1;96;https://detail.1688.com/offer/650585417377.html;;;;;;;;;;;;;;;;;;;;;;;;;;;;;;;;;;;;;;;;;;;;;;;;;;;;;;;;;;;;;;;;;;;;;;;;;;;;;;;;;;;;;;;;;;;;;;;;;;;;;;;;;;;;;;;;;;;;;;;;;;;;;;;;;;;;;;;;;;;;;;;;;;;;;;;;;;;;;;;;;;;;;;;;;;;;;;;;;;;;;;;;;;;;;;;;
郑州市管城回族区凌晴百货商行;https://shop1227176pw9926.1688.com;1;96;https://detail.1688.com/offer/645224803434.html;;;;;;;;;;;;;;;;;;;;;;;;;;;;;;;;;;;;;;;;;;;;;;;;;;;;;;;;;;;;;;;;;;;;;;;;;;;;;;;;;;;;;;;;;;;;;;;;;;;;;;;;;;;;;;;;;;;;;;;;;;;;;;;;;;;;;;;;;;;;;;;;;;;;;;;;;;;;;;;;;;;;;;;;;;;;;;;;;;;;;;;;;;;;;;;;
临沂市兰山区进源百货商行;https://shop02la9w2975445.1688.com;1;96;https://detail.1688.com/offer/640948230155.html;;;;;;;;;;;;;;;;;;;;;;;;;;;;;;;;;;;;;;;;;;;;;;;;;;;;;;;;;;;;;;;;;;;;;;;;;;;;;;;;;;;;;;;;;;;;;;;;;;;;;;;;;;;;;;;;;;;;;;;;;;;;;;;;;;;;;;;;;;;;;;;;;;;;;;;;;;;;;;;;;;;;;;;;;;;;;;;;;;;;;;;;;;;;;;;;
